"ID" "year" "host" "country" "temp" "precipitation" "elevation" "gold" "silver" "bronze" "population" "GDP" "participate" "medals" "athletes" "time"
"1" 1 1980 0 "Albania " 53.6 143 2764 0 0 0 2.734776 NA 0 0 0 1
"2" 1 1984 0 "Albania " 53.6 143 2764 0 0 0 3.001325 0.0641 0 0 0 2
"3" 1 1988 0 "Albania " 53.6 143 2764 0 0 0 3.336434 0.0637 0 0 0 3	
"4" 1 1992 0 "Albania " 53.6 143 2764 0 0 0 3.446858 0.0206 0 0 0 4
"5" 1 1994 0 "Albania " 53.6 143 2764 0 0 0 3.384367 0.0587 0 0 0 5
"6" 1 1998 0 "Albania " 53.6 143 2764 0 0 0 3.325456 0.1363 0 0 0 6
"7" 1 2002 0 "Albania " 53.6 143 2764 0 0 0 3.263596 0.1363 0 0 0 7
"8" 1 2006 0 "Albania " 53.6 143 2764 0 0 0 3.179573 0.2872 1 0 1 8
"9" 1 2010 0 "Albania " 53.6 143 2764 0 0 0 3.150143 0.3764 1 0 1 9
"10" 1 2014 0 "Albania " 53.6 143 2764 0 0 0 3.162083 0.2872 1 0 2 10
"11" 2 1980 0 "Algeria " 62.1 81.4 3003 0 0 0 19.475204 0.2174 0 0 0 1
"12" 2 1984 0 "Algeria " 62.1 81.4 3003 0 0 0 22.150483 0.2424 0 0 0 2
"13" 2 1988 0 "Algeria " 62.1 81.4 3003 0 0 0 24.904931 0.2373 0 0 0 3
"14" 2 1992 0 "Algeria " 62.1 81.4 3003 0 0 0 27.535151 0.1743 1 0 4 4
"15" 2 1994 0 "Algeria " 62.1 81.4 3003 0 0 0 28.752749 0.148 0 0 0 5
"16" 2 1998 0 "Algeria " 62.1 81.4 3003 0 0 0 30.820435 0.1564 0 0 0 6
"17" 2 2002 0 "Algeria " 62.1 81.4 3003 0 0 0 32.572977 0.1743 0 0 0 7
"18" 2 2006 0 "Algeria " 62.1 81.4 3003 0 0 0 34.507214 0.3391 1 0 2 8
"19" 2 2010 0 "Algeria " 62.1 81.4 3003 0 0 0 37.06282 0.435 1 0 1 9
"20" 2 2014 0 "Algeria " 62.1 81.4 3003 0 0 0 38.481705 0.3391 0 0 0 10
"21" 3 1980 0 "American Samoa" 84.2 164.1 964 0 0 0 0.032456 NA 0 0 0 1
"22" 3 1984 0 "American Samoa" 84.2 164.1 964 0 0 0 0.037687 NA 0 0 0 2
"23" 3 1988 0 "American Samoa" 84.2 164.1 964 0 0 0 0.044049 NA 0 0 0 3
"24" 3 1992 0 "American Samoa" 84.2 164.1 964 0 0 0 0.049597 NA 0 0 0 4
"25" 3 1994 0 "American Samoa" 84.2 164.1 964 0 0 0 0.051807 NA 1 0 2 5
"26" 3 1998 0 "American Samoa" 84.2 164.1 964 0 0 0 0.055899 NA 0 0 0 6
"27" 3 2002 0 "American Samoa" 84.2 164.1 964 0 0 0 0.058729 NA 0 0 0 7
"28" 3 2006 0 "American Samoa" 84.2 164.1 964 0 0 0 0.058652 NA 0 0 0 8
"29" 3 2010 0 "American Samoa" 84.2 164.1 964 0 0 0 0.055636 NA 0 0 0 9
"30" 3 2014 0 "American Samoa" 84.2 164.1 964 0 0 0 0.055128 NA 0 0 0 10
"31" 4 1980 0 "Andorra " 42.3 51 2946 0 0 0 0.036063 1.2378 1 0 3 1
"32" 4 1984 0 "Andorra " 42.3 51 2946 0 0 0 0.042704 0.7729 1 0 2 2
"33" 4 1988 0 "Andorra " 42.3 51 2946 0 0 0 0.050431 1.4305 1 0 4 3
"34" 4 1992 0 "Andorra " 42.3 51 2946 0 0 0 0.058904 2.0542 1 0 5 4
"35" 4 1994 0 "Andorra " 42.3 51 2946 0 0 0 0.062707 1.6227 1 0 6 5
"36" 4 1998 0 "Andorra " 42.3 51 2946 0 0 0 0.063799 1.8996 1 0 3 6
"37" 4 2002 0 "Andorra " 42.3 51 2946 0 0 0 0.071639 2.0327 1 0 3 7
"38" 4 2006 0 "Andorra " 42.3 51 2946 0 0 0 0.081877 3.4485 1 0 3 8
"39" 4 2010 0 "Andorra " 42.3 51 2946 0 0 0 0.077907 NA 1 0 6 9
"40" 4 2014 0 "Andorra " 42.3 51 2946 0 0 0 0.07836 3.4485 1 0 6 10
"41" 5 1980 0 "Argentina " 57 52.9 6960 0 0 0 28.120135 0.2737 1 0 12 1
"42" 5 1984 0 "Argentina " 57 52.9 6960 0 0 0 29.886564 0.2646 1 0 18 2
"43" 5 1988 0 "Argentina " 57 52.9 6960 0 0 0 31.713147 0.398 1 0 16 3
"44" 5 1992 0 "Argentina " 57 52.9 6960 0 0 0 33.520803 0.6825 1 0 20 4
"45" 5 1994 0 "Argentina " 57 52.9 6960 0 0 0 34.399343 0.7484 1 0 10 5
"46" 5 1998 0 "Argentina " 57 52.9 6960 0 0 0 36.109342 0.8279 1 0 2 6
"47" 5 2002 0 "Argentina " 57 52.9 6960 0 0 0 37.627545 0.2712 1 0 11 7
"48" 5 2006 0 "Argentina " 57 52.9 6960 0 0 0 38.988923 0.549 1 0 9 8
"49" 5 2010 0 "Argentina " 57 52.9 6960 0 0 0 40.374224 0.9133 1 0 7 9
"50" 5 2014 0 "Argentina " 57 52.9 6960 0 0 0 41.086927 0.549 1 0 7 10
"51" 6 1980 0 "Armenia " 33.1 22 4090 0 0 0 3.096298 NA 0 0 0 1
"52" 6 1984 0 "Armenia " 33.1 22 4090 0 0 0 3.287588 NA 0 0 0 2
"53" 6 1988 0 "Armenia " 33.1 22 4090 0 0 0 3.510439 NA 0 0 0 3
"54" 6 1992 0 "Armenia " 33.1 22 4090 0 0 0 3.449497 0.0369 0 0 0 4
"55" 6 1994 0 "Armenia " 33.1 22 4090 0 0 0 3.289943 0.04 1 0 2 5
"56" 6 1998 0 "Armenia " 33.1 22 4090 0 0 0 3.112958 0.0608 1 0 7 6
"57" 6 2002 0 "Armenia " 33.1 22 4090 0 0 0 3.047002 0.078 1 0 9 7
"58" 6 2006 0 "Armenia " 33.1 22 4090 0 0 0 3.002911 0.2126 1 0 5 8
"59" 6 2010 0 "Armenia " 33.1 22 4090 0 0 0 2.963496 0.3125 1 0 4 9
"60" 6 2014 0 "Armenia " 33.1 22 4090 0 0 0 2.969081 0.2126 1 0 4 10
"61" 7 1980 0 "Australia " 61.3 97.9 2229 0 0 0 14.692 1.0207 1 0 9 1
"62" 7 1984 0 "Australia " 61.3 97.9 2229 0 0 0 15.544 1.2455 1 0 10 2
"63" 7 1988 0 "Australia " 61.3 97.9 2229 0 0 0 16.5322 1.4331 1 0 24 3
"64" 7 1992 0 "Australia " 61.3 97.9 2229 0 0 0 17.495 1.8599 1 0 21 4
"65" 7 1994 0 "Australia " 61.3 97.9 2229 0 0 1 17.855 1.8081 1 1 25 5
"66" 7 1998 0 "Australia " 61.3 97.9 2229 0 0 1 18.711 2.1352 1 1 23 6
"67" 7 2002 0 "Australia " 61.3 97.9 2229 2 0 0 19.6514 2.0072 1 2 27 7
"68" 7 2006 0 "Australia " 61.3 97.9 2229 1 0 1 20.6979 3.6113 1 2 40 8
"69" 7 2010 0 "Australia " 61.3 97.9 2229 2 1 0 22.0318 5.1825 1 3 40 9
"70" 7 2014 0 "Australia " 61.3 97.9 2229 0 2 1 22.722 3.6113 1 3 60 10
"71" 8 1980 0 "Austria " 36 37.2 3798 3 2 2 7.549433 1.0758 1 7 43 1
"72" 8 1984 0 "Austria " 36 37.2 3798 0 0 1 7.561434 0.8899 1 1 65 2
"73" 8 1988 0 "Austria " 36 37.2 3798 3 5 2 7.585317 1.7398 1 10 93 3
"74" 8 1992 0 "Austria " 36 37.2 3798 6 7 8 7.840709 2.4625 1 21 58 4
"75" 8 1994 0 "Austria " 36 37.2 3798 2 3 4 7.936118 2.5383 1 9 80 5
"76" 8 1998 0 "Austria " 36 37.2 3798 3 5 9 7.976789 2.6744 1 17 96 6
"77" 8 2002 0 "Austria " 36 37.2 3798 3 4 10 8.081957 2.5679 1 17 90 7
"78" 8 2006 0 "Austria " 36 37.2 3798 9 7 7 8.268641 3.93 1 23 85 8
"79" 8 2010 0 "Austria " 36 37.2 3798 4 6 6 8.389771 4.5017 1 16 81 9
"80" 8 2014 0 "Austria " 36 37.2 3798 4 8 5 8.429991 3.93 1 17 132 10
"81" 9 1980 0 "Azerbaijan " 43.9 21 4485 0 0 0 6.16399 NA 0 0 0 1
"82" 9 1984 0 "Azerbaijan " 43.9 21 4485 0 0 0 6.568857 NA 0 0 0 2
"83" 9 1988 0 "Azerbaijan " 43.9 21 4485 0 0 0 6.994139 NA 0 0 0 3
"84" 9 1992 0 "Azerbaijan " 43.9 21 4485 0 0 0 7.382 0.0676 0 0 0 4
"85" 9 1994 0 "Azerbaijan " 43.9 21 4485 0 0 0 7.597 0.0436 0 0 0 5
"86" 9 1998 0 "Azerbaijan " 43.9 21 4485 0 0 0 7.913 0.0562 1 0 4 6
"87" 9 2002 0 "Azerbaijan " 43.9 21 4485 0 0 0 8.17195 0.0763 1 0 4 7
"88" 9 2006 0 "Azerbaijan " 43.9 21 4485 0 0 0 8.48455 0.2473 1 0 2 8
"89" 9 2010 0 "Azerbaijan " 43.9 21 4485 0 0 0 9.054332 0.5843 1 0 2 9
"90" 9 2014 0 "Azerbaijan " 43.9 21 4485 0 0 0 9.295784 0.2473 1 0 4 10
"91" 10 1980 0 "Belarus " 28.2 45 346 0 0 0 9.643 NA 0 0 0 1
"92" 10 1984 0 "Belarus " 28.2 45 346 0 0 0 9.91 NA 0 0 0 2
"93" 10 1988 0 "Belarus " 28.2 45 346 0 0 0 10.14 NA 0 0 0 3
"94" 10 1992 0 "Belarus " 28.2 45 346 0 0 0 10.216 0.1666 0 0 0 4
"95" 10 1994 0 "Belarus " 28.2 45 346 0 2 0 10.227 0.146 1 2 33 5
"96" 10 1998 0 "Belarus " 28.2 45 346 0 0 2 10.069 0.1512 1 2 59 6
"97" 10 2002 0 "Belarus " 28.2 45 346 0 0 1 9.865 0.1479 1 1 64 7
"98" 10 2006 0 "Belarus " 28.2 45 346 0 1 0 9.604 0.3849 1 1 28 8
"99" 10 2010 0 "Belarus " 28.2 45 346 1 1 1 9.49 0.5819 1 3 51 9
"100" 10 2014 0 "Belarus " 28.2 45 346 5 0 1 9.464 0.3849 1 6 26 10
"101" 11 1980 0 "Belgium " 42.3 76.1 694 0 0 0 9.859242 1.2707 1 0 3 1
"102" 11 1984 0 "Belgium " 42.3 76.1 694 0 0 0 9.855372 0.8354 1 0 4 2
"103" 11 1988 0 "Belgium " 42.3 76.1 694 0 0 0 9.901664 1.6192 1 0 4 3
"104" 11 1992 0 "Belgium " 42.3 76.1 694 0 0 0 10.045158 2.3088 1 0 5 4
"105" 11 1994 0 "Belgium " 42.3 76.1 694 0 0 0 10.115603 2.3914 1 0 5 5
"106" 11 1998 0 "Belgium " 42.3 76.1 694 0 0 1 10.203008 2.5051 1 1 1 6
"107" 11 2002 0 "Belgium " 42.3 76.1 694 0 0 0 10.332785 2.4465 1 0 6 7
"108" 11 2006 0 "Belgium " 42.3 76.1 694 0 0 0 10.547958 3.7919 1 0 4 8
"109" 11 2010 0 "Belgium " 42.3 76.1 694 0 0 0 10.895586 4.3242 1 0 8 9
"110" 11 2014 0 "Belgium " 42.3 76.1 694 0 0 0 11.128246 3.7919 1 0 7 10
"111" 12 1980 0 "Bermuda " 68.7 128.5 76 0 0 0 0.05467 1.1218 0 0 0 1
"112" 12 1984 0 "Bermuda " 68.7 128.5 76 0 0 0 0.056423 1.747 0 0 0 2
"113" 12 1988 0 "Bermuda " 68.7 128.5 76 0 0 0 0.058347 2.4253 0 0 0 3
"114" 12 1992 0 "Bermuda " 68.7 128.5 76 0 0 0 0.058595 2.867 1 0 1 4
"115" 12 1994 0 "Bermuda " 68.7 128.5 76 0 0 0 0.05932 3.1476 1 0 1 5
"116" 12 1998 0 "Bermuda " 68.7 128.5 76 0 0 0 0.060943 5.1372 1 0 1 6
"117" 12 2002 0 "Bermuda " 68.7 128.5 76 0 0 0 0.062912 6.2583 1 0 1 7
"118" 12 2006 0 "Bermuda " 68.7 128.5 76 0 0 0 0.064523 8.3913 1 0 1 8
"119" 12 2010 0 "Bermuda " 68.7 128.5 76 0 0 0 0.065124 8.8207 1 0 1 9
"120" 12 2014 0 "Bermuda " 68.7 128.5 76 0 0 0 0.064806 8.3913 1 0 1 10
"121" 13 1980 0 "Bolivia" 75 37 6542 0 0 0 5.368901 0.0845 1 0 3 1
"122" 13 1984 0 "Bolivia" 75 37 6542 0 0 0 5.900127 0.1046 1 0 3 2
"123" 13 1988 0 "Bolivia" 75 37 6542 0 0 0 6.481463 0.0709 1 0 7 3
"124" 13 1992 0 "Bolivia" 75 37 6542 0 0 0 7.123294 0.0792 1 0 4 4
"125" 13 1994 0 "Bolivia" 75 37 6542 0 0 0 7.463773 0.0801 0 0 0 5
"126" 13 1998 0 "Bolivia" 75 37 6542 0 0 0 8.150214 0.1043 0 0 0 6
"127" 13 2002 0 "Bolivia" 75 37 6542 0 0 0 8.84335 0.0894 0 0 0 7
"128" 13 2006 0 "Bolivia" 75 37 6542 0 0 0 9.517395 0.1203 0 0 0 8
"129" 13 2010 0 "Bolivia" 75 37 6542 0 0 0 10.156601 0.1935 0 0 0 9
"130" 13 2014 0 "Bolivia" 75 37 6542 0 0 0 10.496285 0.1203 0 0 0 10
"131" 14 1980 0 "Bosnia and Herzegovina " 38.7 68 2386 0 0 0 4.099903 NA 0 0 0 1
"132" 14 1984 0 "Bosnia and Herzegovina " 38.7 68 2386 0 0 0 4.263393 NA 0 0 0 2
"133" 14 1988 0 "Bosnia and Herzegovina " 38.7 68 2386 0 0 0 4.564265 NA 0 0 0 3
"134" 14 1992 0 "Bosnia and Herzegovina " 38.7 68 2386 0 0 0 4.143068 NA 0 0 0 4
"135" 14 1994 0 "Bosnia and Herzegovina " 38.7 68 2386 0 0 0 3.659409 0.0343 1 0 10 5
"136" 14 1998 0 "Bosnia and Herzegovina " 38.7 68 2386 0 0 0 3.640821 0.1131 1 0 8 6
"137" 14 2002 0 "Bosnia and Herzegovina " 38.7 68 2386 0 0 0 3.897579 0.1707 1 0 2 7
"138" 14 2006 0 "Bosnia and Herzegovina " 38.7 68 2386 0 0 0 3.875157 0.32 1 0 6 8
"139" 14 2010 0 "Bosnia and Herzegovina " 38.7 68 2386 0 0 0 3.845929 0.4362 1 0 5 9
"140" 14 2014 0 "Bosnia and Herzegovina " 38.7 68 2386 0 0 0 3.833916 0.32 1 0 5 10
"141" 15 1980 0 "Brazil " 71.2 40 2994 0 0 0 121.740438 0.1931 0 0 0 1
"142" 15 1984 0 "Brazil " 71.2 40 2994 0 0 0 133.364277 0.1567 0 0 0 2
"143" 15 1988 0 "Brazil " 71.2 40 2994 0 0 0 144.452622 0.2287 0 0 0 3
"144" 15 1992 0 "Brazil " 71.2 40 2994 0 0 0 154.597985 0.2526 1 0 7 4
"145" 15 1994 0 "Brazil " 71.2 40 2994 0 0 0 159.432909 0.3426 1 0 1 5
"146" 15 1998 0 "Brazil " 71.2 40 2994 0 0 0 169.472347 0.4979 1 0 1 6
"147" 15 2002 0 "Brazil " 71.2 40 2994 0 0 0 179.393768 0.2811 1 0 10 7
"148" 15 2006 0 "Brazil " 71.2 40 2994 0 0 0 188.134315 0.5788 1 0 10 8
"149" 15 2010 0 "Brazil " 71.2 40 2994 0 0 0 195.210154 1.0978 1 0 5 9
"150" 15 2014 0 "Brazil " 71.2 40 2994 0 0 0 198.656019 0.5788 1 0 13 10
"151" 16 1980 0 "British Virgin Islands" 79 74.2 521 0 0 0 121.740438 0.1931 0 0 0 1
"152" 16 1984 0 "British Virgin Islands" 79 74.2 521 0 0 0 NA 0.1567 1 0 1 2
"153" 16 1988 0 "British Virgin Islands" 79 74.2 521 0 0 0 144.452622 0.2287 0 0 0 3
"154" 16 1992 0 "British Virgin Islands" 79 74.2 521 0 0 0 154.597985 0.2526 0 0 0 4
"155" 16 1994 0 "British Virgin Islands" 79 74.2 521 0 0 0 159.432909 0.3426 0 0 0 5
"156" 16 1998 0 "British Virgin Islands" 79 74.2 521 0 0 0 169.472347 0.4979 0 0 0 6
"157" 16 2002 0 "British Virgin Islands" 79 74.2 521 0 0 0 179.393768 0.2811 0 0 0 7
"158" 16 2006 0 "British Virgin Islands" 79 74.2 521 0 0 0 188.134315 0.5788 0 0 0 8
"159" 16 2010 0 "British Virgin Islands" 79 74.2 521 0 0 0 195.210154 1.0978 0 0 0 9
"160" 16 2014 0 "British Virgin Islands" 79 74.2 521 0 0 0 NA NA 1 0 1 10
"161" 17 1980 0 "Bulgaria " 39.2 31 2925 0 0 1 8.861535 0.2261 1 1 8 1
"162" 17 1984 0 "Bulgaria " 39.2 31 2925 0 0 0 8.960679 0.1943 1 0 16 2
"163" 17 1988 0 "Bulgaria " 39.2 31 2925 0 0 0 8.981446 0.2561 1 0 31 3
"164" 17 1992 0 "Bulgaria " 39.2 31 2925 0 0 0 8.540164 0.1214 1 0 31 4
"165" 17 1994 0 "Bulgaria " 39.2 31 2925 0 0 0 8.443591 0.1149 1 0 17 5
"166" 17 1998 0 "Bulgaria " 39.2 31 2925 1 0 0 8.256786 0.1582 1 1 19 6
"167" 17 2002 0 "Bulgaria " 39.2 31 2925 0 1 2 7.868468 0.2031 1 3 23 7
"168" 17 2006 0 "Bulgaria " 39.2 31 2925 0 1 0 7.69902 0.4313 1 1 21 8
"169" 17 2010 0 "Bulgaria " 39.2 31 2925 0 0 0 7.395599 0.6453 1 0 19 9
"170" 17 2014 0 "Bulgaria " 39.2 31 2925 0 0 0 7.305888 0.4313 1 0 18 10
"171" 18 1980 0 "Cameroon" 79.7 74.2 4095 0 0 0 8.932121 0.0755 0 0 0 1
"172" 18 1984 0 "Cameroon" 79.7 74.2 4095 0 0 0 10.070779 0.0775 0 0 0 2
"173" 18 1988 0 "Cameroon" 79.7 74.2 4095 0 0 0 11.370394 0.1099 0 0 0 3
"174" 18 1992 0 "Cameroon" 79.7 74.2 4095 0 0 0 12.796831 0.0891 0 0 0 4
"175" 18 1994 0 "Cameroon" 79.7 74.2 4095 0 0 0 13.546948 0.0681 0 0 0 5
"176" 18 1998 0 "Cameroon" 79.7 74.2 4095 0 0 0 15.107909 0.0637 0 0 0 6
"177" 18 2002 0 "Cameroon" 79.7 74.2 4095 0 0 0 16.782044 0.0648 1 0 1 7
"178" 18 2006 0 "Cameroon" 79.7 74.2 4095 0 0 0 18.611937 0.0965 0 0 0 8
"179" 18 2010 0 "Cameroon" 79.7 74.2 4095 0 0 0 20.624343 0.1091 0 0 0 9
"180" 18 2014 0 "Cameroon" 79.7 74.2 4095 0 0 0 21.699631 0.0965 0 0 0 10
"181" 19 1980 0 "Canada " 30.7 61.5 5959 0 1 1 24.593 1.0934 1 2 58 1
"182" 19 1984 0 "Canada " 30.7 61.5 5959 2 1 1 25.702 1.3506 1 4 67 2
"183" 19 1988 1 "Canada " 30.7 61.5 5959 0 2 3 26.895 1.8523 1 5 147 3
"184" 19 1992 0 "Canada " 30.7 61.5 5959 2 3 2 28.519597 2.032 1 7 109 4
"185" 19 1994 0 "Canada " 30.7 61.5 5959 3 6 4 29.111906 1.939 1 13 95 5
"186" 19 1998 0 "Canada " 30.7 61.5 5959 6 5 4 30.2479 2.039 1 15 144 6
"187" 19 2002 0 "Canada " 30.7 61.5 5959 7 3 7 31.362 2.3425 1 17 150 7
"188" 19 2006 0 "Canada " 30.7 61.5 5959 7 10 7 32.570505 3.9257 1 24 196 8
"189" 19 2010 1 "Canada " 30.7 61.5 5959 14 7 5 34.005274 4.6376 1 26 206 9
"190" 19 2014 0 "Canada " 30.7 61.5 5959 10 10 5 34.754312 3.9257 1 25 222 10
"191" 20 1980 0 "Cayman Islands " 79 71 43 0 0 0 0.016164 NA 0 0 0 1
"192" 20 1984 0 "Cayman Islands " 79 71 43 0 0 0 0.018543 NA 0 0 0 2
"193" 20 1988 0 "Cayman Islands " 79 71 43 0 0 0 0.022539 NA 0 0 0 3
"194" 20 1992 0 "Cayman Islands " 79 71 43 0 0 0 0.027402 NA 0 0 0 4
"195" 20 1994 0 "Cayman Islands " 79 71 43 0 0 0 0.030055 NA 0 0 0 5
"196" 20 1998 0 "Cayman Islands " 79 71 43 0 0 0 0.037742 NA 0 0 0 6
"197" 20 2002 0 "Cayman Islands " 79 71 43 0 0 0 0.044742 NA 0 0 0 7
"198" 20 2006 0 "Cayman Islands " 79 71 43 0 0 0 0.050026 NA 0 0 0 8
"199" 20 2010 0 "Cayman Islands " 79 71 43 0 0 0 0.055509 NA 1 0 1 9
"200" 20 2014 0 "Cayman Islands " 79 71 43 0 0 0 0.05757 NA 1 0 1 10
"201" 21 1980 0 "Chile " 57.7 69.3 6880 0 0 0 11.192384 0.2463 0 0 0 1
"202" 21 1984 0 "Chile " 57.7 69.3 6880 0 0 0 11.926647 0.1613 1 0 4 2
"203" 21 1988 0 "Chile " 57.7 69.3 6880 0 0 0 12.757095 0.1932 1 0 6 3
"204" 21 1992 0 "Chile " 57.7 69.3 6880 0 0 0 13.706485 0.3244 1 0 5 4
"205" 21 1994 0 "Chile " 57.7 69.3 6880 0 0 0 14.204726 0.3883 1 0 3 5
"206" 21 1998 0 "Chile " 57.7 69.3 6880 0 0 0 15.072409 0.5266 1 0 3 6
"207" 21 2002 0 "Chile " 57.7 69.3 6880 0 0 0 15.819522 0.4487 1 0 6 7
"208" 21 2006 0 "Chile " 57.7 69.3 6880 0 0 0 16.50453 0.9371 1 0 9 8
"209" 21 2010 0 "Chile " 57.7 69.3 6880 0 0 0 17.15076 1.2685 1 0 3 9
"210" 21 2014 0 "Chile " 57.7 69.3 6880 0 0 0 17.464814 0.9371 1 0 6 10
"211" 22 1980 0 "China " 35.2 2.7 8850 0 0 0 981.235 0.0193 1 0 24 1
"212" 22 1984 0 "China " 35.2 2.7 8850 0 0 0 1036.825 0.0248 1 0 37 2
"213" 22 1988 0 "China " 35.2 2.7 8850 0 0 0 1101.63 0.0281 1 0 20 3
"214" 22 1992 0 "China " 35.2 2.7 8850 0 3 0 1164.97 0.0363 1 3 32 4
"215" 22 1994 0 "China " 35.2 2.7 8850 0 1 2 1191.835 0.0469 1 3 24 5
"216" 22 1998 0 "China " 35.2 2.7 8850 0 6 2 1241.935 0.0821 1 8 55 6
"217" 22 2002 0 "China " 35.2 2.7 8850 2 2 4 1280.4 0.1135 1 8 66 7
"218" 22 2006 0 "China " 35.2 2.7 8850 2 4 5 1311.02 0.2069 1 11 76 8
"219" 22 2010 0 "China " 35.2 2.7 8850 5 2 4 1337.705 0.4433 1 11 90 9
"220" 22 2014 0 "China " 35.2 2.7 8850 3 4 2 1350.695 0.2069 1 9 66 10
"221" 23 1980 0 "Chinese Taipei " 66.4 83.2 3952 0 0 0 981.235 0.0193 0 0 0 1
"222" 23 1984 0 "Chinese Taipei " 66.4 83.2 3952 0 0 0 NA 0.0248 1 0 12 2
"223" 23 1988 0 "Chinese Taipei " 66.4 83.2 3952 0 0 0 1101.63 0.0281 1 0 13 3
"224" 23 1992 0 "Chinese Taipei " 66.4 83.2 3952 0 0 0 1164.97 0.0363 1 0 8 4
"225" 23 1994 0 "Chinese Taipei " 66.4 83.2 3952 0 0 0 1191.835 0.0469 1 0 2 5
"226" 23 1998 0 "Chinese Taipei " 66.4 83.2 3952 0 0 0 1241.935 0.0821 1 0 7 6
"227" 23 2002 0 "Chinese Taipei " 66.4 83.2 3952 0 0 0 1280.4 0.1135 1 0 6 7
"228" 23 2006 0 "Chinese Taipei " 66.4 83.2 3952 0 0 0 1311.02 0.2069 1 0 1 8
"229" 23 2010 0 "Chinese Taipei " 66.4 83.2 3952 0 0 0 1337.705 0.4433 1 0 1 9
"230" 23 2014 0 "Chinese Taipei " 66.4 83.2 3952 0 0 0 NA NA 1 0 3 10
"231" 24 1980 0 "Colombia " 65.5 35 5775 0 0 0 26.934591 0.124 0 0 0 1
"232" 24 1984 0 "Colombia " 65.5 35 5775 0 0 0 29.43803 0.1299 0 0 0 2
"233" 24 1988 0 "Colombia " 65.5 35 5775 0 0 0 32.009024 0.1225 0 0 0 3
"234" 24 1992 0 "Colombia " 65.5 35 5775 0 0 0 34.608171 0.1424 0 0 0 4
"235" 24 1994 0 "Colombia " 65.5 35 5775 0 0 0 35.915434 0.2275 0 0 0 5
"236" 24 1998 0 "Colombia " 65.5 35 5775 0 0 0 38.568056 0.2552 0 0 0 6
"237" 24 2002 0 "Colombia " 65.5 35 5775 0 0 0 41.216304 0.2376 0 0 0 7
"238" 24 2006 0 "Colombia " 65.5 35 5775 0 0 0 43.84137 0.3713 0 0 0 8
"239" 24 2010 0 "Colombia " 65.5 35 5775 0 0 0 46.444798 0.6179 1 0 1 9
"240" 24 2014 0 "Colombia " 65.5 35 5775 0 0 0 47.704427 0.3713 0 0 0 10
"241" 25 1980 0 "Costa Rica" 78.6 33.5 3810 0 0 0 2.348427 0.2057 1 0 3 1
"242" 25 1984 0 "Costa Rica" 78.6 33.5 3810 0 0 0 2.625561 0.175 1 0 4 2
"243" 25 1988 0 "Costa Rica" 78.6 33.5 3810 0 0 0 2.924348 0.2074 1 0 2 3
"244" 25 1992 0 "Costa Rica" 78.6 33.5 3810 0 0 0 3.233568 0.2651 1 0 4 4
"245" 25 1994 0 "Costa Rica" 78.6 33.5 3810 0 0 0 3.393575 0.3111 0 0 0 5
"246" 25 1998 0 "Costa Rica" 78.6 33.5 3810 0 0 0 3.750585 0.376 0 0 0 6
"247" 25 2002 0 "Costa Rica" 78.6 33.5 3810 0 0 0 4.09384 0.4115 1 0 1 7
"248" 25 2006 0 "Costa Rica" 78.6 33.5 3810 0 0 0 4.392493 0.5128 1 0 1 8
"249" 25 2010 0 "Costa Rica" 78.6 33.5 3810 0 0 0 4.669685 0.7773 0 0 0 9
"250" 25 2014 0 "Costa Rica" 78.6 33.5 3810 0 0 0 4.805295 0.5128 0 0 0 10
"251" 26 1980 0 "Croatia " 37.6 48.6 1831 0 0 0 4.588 NA 0 0 0 1
"252" 26 1984 0 "Croatia " 37.6 48.6 1831 0 0 0 4.68 NA 0 0 0 2
"253" 26 1988 0 "Croatia " 37.6 48.6 1831 0 0 0 4.757 NA 0 0 0 3
"254" 26 1992 0 "Croatia " 37.6 48.6 1831 0 0 0 4.47 0.23 1 0 4 4
"255" 26 1994 0 "Croatia " 37.6 48.6 1831 0 0 0 4.65 0.3135 1 0 3 5
"256" 26 1998 0 "Croatia " 37.6 48.6 1831 0 0 0 4.501 0.5578 1 0 6 6
"257" 26 2002 0 "Croatia " 37.6 48.6 1831 3 1 0 4.44 0.5974 1 4 14 7
"258" 26 2006 0 "Croatia " 37.6 48.6 1831 1 2 0 4.44 1.1229 1 3 24 8
"259" 26 2010 0 "Croatia " 37.6 48.6 1831 0 2 1 4.4178 1.3327 1 3 19 9
"260" 26 2014 0 "Croatia " 37.6 48.6 1831 0 1 0 4.2676 1.1229 1 1 11 10
"261" 27 1980 0 "Cyprus " 59.9 54.7 1951 0 0 0 0.685406 0.4232 1 0 3 1
"262" 27 1984 0 "Cyprus " 59.9 54.7 1951 0 0 0 0.697717 0.4259 1 0 5 2
"263" 27 1988 0 "Cyprus " 59.9 54.7 1951 0 0 0 0.736477 0.7646 1 0 3 3
"264" 27 1992 0 "Cyprus " 59.9 54.7 1951 0 0 0 0.80066 1.131 1 0 4 4
"265" 27 1994 0 "Cyprus " 59.9 54.7 1951 0 0 0 0.837166 1.1618 1 0 1 5
"266" 27 1998 0 "Cyprus " 59.9 54.7 1951 0 0 0 0.90804 1.4069 1 0 1 6
"267" 27 2002 0 "Cyprus " 59.9 54.7 1951 0 0 0 0.979877 1.4862 1 0 1 7
"268" 27 2006 0 "Cyprus " 59.9 54.7 1951 0 0 0 1.048314 2.3864 1 0 1 8
"269" 27 2010 0 "Cyprus " 59.9 54.7 1951 0 0 0 1.103685 2.7889 1 0 2 9
"270" 27 2014 0 "Cyprus " 59.9 54.7 1951 0 0 0 1.128994 2.3864 1 0 2 10
"271" 28 1980 0 "Czech Republic " 32.7 23.5 1602 0 0 0 10.304193 NA 0 0 0 1
"272" 28 1984 0 "Czech Republic " 32.7 23.5 1602 0 0 0 10.330213 NA 0 0 0 2
"273" 28 1988 0 "Czech Republic " 32.7 23.5 1602 0 0 0 10.355276 NA 0 0 0 3
"274" 28 1992 0 "Czech Republic " 32.7 23.5 1602 0 0 NA 10.319123 0.3241 0 0 0 4
"275" 28 1994 0 "Czech Republic " 32.7 23.5 1602 0 0 0 10.333587 0.4449 1 0 63 5
"276" 28 1998 0 "Czech Republic " 32.7 23.5 1602 1 1 1 10.294373 0.6204 1 3 60 6
"277" 28 2002 0 "Czech Republic " 32.7 23.5 1602 1 2 0 10.196916 0.7691 1 3 76 7
"278" 28 2006 0 "Czech Republic " 32.7 23.5 1602 1 2 1 10.238905 1.4488 1 4 85 8
"279" 28 2010 0 "Czech Republic " 32.7 23.5 1602 2 0 4 10.47441 1.8949 1 6 92 9
"280" 28 2014 0 "Czech Republic " 32.7 23.5 1602 2 4 2 10.510785 1.4488 1 8 85 10
"281" 29 1980 0 "Czechoslovakia" 32.7 23.5 1602 0 0 1 10.304193 NA 1 1 41 1
"282" 29 1984 0 "Czechoslovakia" 32.7 23.5 1602 0 2 4 10.330213 NA 1 6 50 2
"283" 29 1988 0 "Czechoslovakia" 32.7 23.5 1602 0 1 2 10.355276 NA 1 3 62 3
"284" 29 1992 0 "Czechoslovakia" 32.7 23.5 1602 0 0 0 10.319123 0.3241 1 0 74 4
"285" 30 1980 0 "Denmark " 35.4 46 171 0 0 0 5.123027 1.3607 0 0 0 1
"286" 30 1984 0 "Denmark " 35.4 46 171 0 0 0 5.111619 1.1291 0 0 0 2
"287" 30 1988 0 "Denmark " 35.4 46 171 0 0 0 5.129516 2.2074 1 0 11 3
"288" 30 1992 0 "Denmark " 35.4 46 171 0 0 0 5.17137 2.9044 1 0 6 4
"289" 30 1994 0 "Denmark " 35.4 46 171 0 0 0 5.20618 2.9502 1 0 4 5
"290" 30 1998 0 "Denmark " 35.4 46 171 0 1 0 5.304219 3.2739 1 1 12 6
"291" 30 2002 0 "Denmark " 35.4 46 171 0 0 0 5.375931 3.2344 1 0 11 7
"292" 30 2006 0 "Denmark " 35.4 46 171 0 0 0 5.437272 5.0462 1 0 5 8
"293" 30 2010 0 "Denmark " 35.4 46 171 0 0 0 5.547683 5.6452 1 0 18 9
"294" 30 2014 0 "Denmark " 35.4 46 171 0 0 0 5.591572 5.0462 1 0 12 10
"295" 31 1980 0 "Dominica" 82.4 159 1447 0 0 0 0.075313 0.0785 0 0 0 1
"296" 31 1984 0 "Dominica" 82.4 159 1447 0 0 0 0.074215 0.1211 0 0 0 2
"297" 31 1988 0 "Dominica" 82.4 159 1447 0 0 0 0.071743 0.2004 0 0 0 3
"298" 31 1992 0 "Dominica" 82.4 159 1447 0 0 0 0.070978 0.2702 0 0 0 4
"299" 31 1994 0 "Dominica" 82.4 159 1447 0 0 0 0.071372 0.3019 0 0 0 5
"300" 31 1998 0 "Dominica" 82.4 159 1447 0 0 0 0.070295 0.3677 0 0 0 6
"301" 31 2002 0 "Dominica" 82.4 159 1447 0 0 0 0.069806 0.4684 0 0 0 7
"302" 31 2006 0 "Dominica" 82.4 159 1447 0 0 0 0.07069 0.5408 0 0 0 8
"303" 31 2010 0 "Dominica" 82.4 159 1447 0 0 0 0.071167 0.663 0 0 0 9
"304" 31 2014 0 "Dominica" 82.4 159 1447 0 0 0 0.071684 0.5408 1 0 2 10
"305" 32 1980 0 "East Germany" NA NA NA 9 7 7 5.825715 0.1138 1 23 53 1
"306" 32 1984 0 "East Germany" NA NA NA 9 9 6 6.381602 0.1619 1 24 57 2
"307" 32 1988 0 "East Germany" NA NA NA 9 10 6 6.953918 0.0773 1 25 56 3
"308" 33 1980 0 "Egypt" 66 5 2629 0 0 0 44.931971 0.051 0 0 0 1
"309" 33 1984 0 "Egypt" 66 5 2629 0 0 0 49.190419 0.0623 1 0 1 2
"310" 33 1988 0 "Egypt" 66 5 2629 0 0 0 54.011214 0.0649 0 0 0 3
"311" 33 1992 0 "Egypt" 66 5 2629 0 0 0 58.370712 0.0717 0 0 0 4
"312" 33 1994 0 "Egypt" 66 5 2629 0 0 0 60.231864 0.0862 0 0 0 5
"313" 33 1998 0 "Egypt" 66 5 2629 0 0 0 64.084443 0.1324 0 0 0 6
"314" 33 2002 0 "Egypt" 66 5 2629 0 0 0 68.302914 0.1286 0 0 0 7
"315" 33 2006 0 "Egypt" 66 5 2629 0 0 0 72.990754 0.1473 0 0 0 8
"316" 33 2010 0 "Egypt" 66 5 2629 0 0 0 78.075705 0.2804 0 0 0 9
"317" 33 2014 0 "Egypt" 66 5 2629 0 0 0 80.721874 0.1473 0 0 0 10
"318" 34 1980 0 "Estonia " 29.8 49 318 0 0 0 1.477219 NA 0 0 0 1
"319" 34 1984 0 "Estonia " 29.8 49 318 0 0 0 1.518617 NA 0 0 0 2
"320" 34 1988 0 "Estonia " 29.8 49 318 0 0 0 1.5619 NA 0 0 0 3
"321" 34 1992 0 "Estonia " 29.8 49 318 0 0 0 1.533091 NA 1 0 19 4
"322" 34 1994 0 "Estonia " 29.8 49 318 0 0 0 1.462514 0.2725 1 0 26 5
"323" 34 1998 0 "Estonia " 29.8 49 318 0 0 0 1.386156 0.4039 1 0 20 6
"324" 34 2002 0 "Estonia " 29.8 49 318 1 1 1 1.367508 0.5356 1 3 17 7
"325" 34 2006 0 "Estonia " 29.8 49 318 3 0 0 1.346035 1.2487 1 3 26 8
"326" 34 2010 0 "Estonia " 29.8 49 318 0 1 0 1.336887 1.4246 1 1 30 9
"327" 34 2014 0 "Estonia " 29.8 49 318 0 0 0 1.329301 1.2487 1 0 24 10
"328" 35 1980 0 "Ethiopia " 70 280 4533 0 0 0 35.241209 NA 0 0 0 1
"329" 35 1984 0 "Ethiopia " 70 280 4533 0 0 0 39.49361 0.0201 0 0 0 2
"330" 35 1988 0 "Ethiopia " 70 280 4533 0 0 0 44.916621 0.0238 0 0 0 3
"331" 35 1992 0 "Ethiopia " 70 280 4533 0 0 0 51.525658 0.02 0 0 0 4
"332" 35 1994 0 "Ethiopia " 70 280 4533 0 0 0 55.199953 0.0123 0 0 0 5
"333" 35 1998 0 "Ethiopia " 70 280 4533 0 0 0 62.353942 0.0123 0 0 0 6
"334" 35 2002 0 "Ethiopia " 70 280 4533 0 0 0 69.948344 0.011 0 0 0 7
"335" 35 2006 0 "Ethiopia " 70 280 4533 0 0 0 78.290649 0.0192 1 0 1 8
"336" 35 2010 0 "Ethiopia " 70 280 4533 0 0 0 87.095281 0.0302 1 0 1 9
"337" 35 2014 0 "Ethiopia " 70 280 4533 0 0 0 91.728849 0.0192 0 0 0 10
"338" 36 1980 0 "Fiji" 78.8 125 1324 0 0 0 0.635256 0.1893 0 0 0 1
"339" 36 1984 0 "Fiji" 78.8 125 1324 0 0 0 0.700394 0.1682 0 0 0 2
"340" 36 1988 0 "Fiji" 78.8 125 1324 0 0 0 0.722707 0.1536 1 0 1 3
"341" 36 1992 0 "Fiji" 78.8 125 1324 0 0 0 0.74434 0.2058 0 0 0 4
"342" 36 1994 0 "Fiji" 78.8 125 1324 0 0 0 0.765664 0.2384 1 0 1 5
"343" 36 1998 0 "Fiji" 78.8 125 1324 0 0 0 0.800616 0.2069 0 0 0 6
"344" 36 2002 0 "Fiji" 78.8 125 1324 0 0 0 0.816237 0.2258 1 0 1 7
"345" 36 2006 0 "Fiji" 78.8 125 1324 0 0 0 0.82806 0.3747 0 0 0 8
"346" 36 2010 0 "Fiji" 78.8 125 1324 0 0 0 0.860559 0.3748 0 0 0 9
"347" 36 2014 0 "Fiji" 78.8 125 1324 0 0 0 0.874742 0.3747 0 0 0 10
"348" 37 1980 0 "Finland " 29.7 52 1328 1 5 3 4.779535 1.1091 1 9 53 1
"349" 37 1984 0 "Finland " 29.7 52 1328 4 3 6 4.881803 1.0676 1 13 45 2
"350" 37 1988 0 "Finland " 29.7 52 1328 4 1 2 4.946481 2.1668 1 7 60 3
"351" 37 1992 0 "Finland " 29.7 52 1328 3 1 3 5.041992 2.1851 1 7 62 4
"352" 37 1994 0 "Finland " 29.7 52 1328 0 1 5 5.088333 1.9777 1 6 61 5
"353" 37 1998 0 "Finland " 29.7 52 1328 2 4 6 5.153498 2.518 1 12 85 6
"354" 37 2002 0 "Finland " 29.7 52 1328 4 2 1 5.200598 2.5994 1 7 98 7
"355" 37 2006 0 "Finland " 29.7 52 1328 0 6 3 5.266268 3.9487 1 9 102 8
"356" 37 2010 0 "Finland " 29.7 52 1328 0 1 4 5.363352 4.4134 1 5 95 9
"357" 37 2014 0 "Finland " 29.7 52 1328 1 3 1 5.413971 3.9487 1 5 103 10
"358" 38 1980 0 "France " 45 51 4807 0 0 1 55.22467 1.25 1 1 22 1
"359" 38 1984 0 "France " 45 51 4807 0 1 2 56.489874 0.9235 1 3 32 2
"360" 38 1988 0 "France " 45 51 4807 1 0 1 57.803824 1.732 1 2 92 3
"361" 38 1992 1 "France " 45 51 4807 3 5 1 58.849212 2.333 1 9 109 4
"362" 38 1994 0 "France " 45 51 4807 0 1 4 59.325793 2.3059 1 5 98 5
"363" 38 1998 0 "France " 45 51 4807 2 1 5 60.185178 2.4406 1 8 106 6
"364" 38 2002 0 "France " 45 51 4807 4 5 2 61.803229 2.3494 1 11 114 7
"365" 38 2006 0 "France " 45 51 4807 3 2 4 63.617975 3.5457 1 9 89 8
"366" 38 2010 0 "France " 45 51 4807 2 3 6 65.031235 3.9443 1 11 108 9
"367" 38 2014 0 "France " 45 51 4807 4 4 7 65.696689 3.5457 1 15 105 10
"368" 39 1980 0 "Georgia " 42.6 20 5201 0 0 0 4.4677 NA 0 0 0 1
"369" 39 1984 0 "Georgia " 42.6 20 5201 0 0 0 4.6222 NA 0 0 0 2
"370" 39 1988 0 "Georgia " 42.6 20 5201 0 0 0 4.7907 NA 0 0 0 3
"371" 39 1992 0 "Georgia " 42.6 20 5201 0 0 0 4.8735 0.0757 0 0 0 4
"372" 39 1994 0 "Georgia " 42.6 20 5201 0 0 0 4.8616 0.0517 1 0 5 5
"373" 39 1998 0 "Georgia " 42.6 20 5201 0 0 0 4.4873 0.0805 1 0 4 6
"374" 39 2002 0 "Georgia " 42.6 20 5201 0 0 0 4.357 0.0779 1 0 4 7
"375" 39 2006 0 "Georgia " 42.6 20 5201 0 0 0 4.398 0.1765 1 0 3 8
"376" 39 2010 0 "Georgia " 42.6 20 5201 0 0 0 4.4528 0.2614 1 0 8 9
"377" 39 2014 0 "Georgia " 42.6 20 5201 0 0 0 4.4907 0.1765 1 0 4 10
"378" 40 1980 0 "Germany " 37.2 42.3 2963 0 0 0 78.288576 1.1746 0 0 0 1
"379" 40 1984 0 "Germany " 37.2 42.3 2963 0 0 0 77.858685 0.9012 0 0 0 2
"380" 40 1988 0 "Germany " 37.2 42.3 2963 0 0 0 78.144619 1.7352 0 0 0 3
"381" 40 1992 0 "Germany " 37.2 42.3 2963 10 10 6 80.624598 2.5605 1 26 111 4
"382" 40 1994 0 "Germany " 37.2 42.3 2963 9 7 8 81.438348 2.6376 1 24 112 5
"383" 40 1998 0 "Germany " 37.2 42.3 2963 12 9 8 82.047195 2.6548 1 29 125 6
"384" 40 2002 0 "Germany " 37.2 42.3 2963 12 16 8 82.488495 2.4326 1 36 157 7
"385" 40 2006 0 "Germany " 37.2 42.3 2963 11 12 6 82.376451 3.5238 1 29 164 8
"386" 40 2010 0 "Germany " 37.2 42.3 2963 10 13 7 81.77693 4.0408 1 30 153 9
"387" 40 2014 0 "Germany " 37.2 42.3 2963 8 6 5 80.425823 3.5238 1 19 153 10
"388" 41 1980 0 "Ghana " 81 46 885 0 0 0 10.802497 0.0412 0 0 0 1
"389" 41 1984 0 "Ghana " 81 46 885 0 0 0 12.311805 0.0358 0 0 0 2
"390" 41 1988 0 "Ghana " 81 46 885 0 0 0 13.853171 0.0375 0 0 0 3
"391" 41 1992 0 "Ghana " 81 46 885 0 0 0 15.471695 0.0415 0 0 0 4
"392" 41 1994 0 "Ghana " 81 46 885 0 0 0 16.339278 0.0333 0 0 0 5
"393" 41 1998 0 "Ghana " 81 46 885 0 0 0 17.96883 0.0416 0 0 0 6
"394" 41 2002 0 "Ghana " 81 46 885 0 0 0 19.786307 0.0312 0 0 0 7
"395" 41 2006 0 "Ghana " 81 46 885 0 0 0 21.947779 0.093 0 0 0 8
"396" 41 2010 0 "Ghana " 81 46 885 0 0 0 24.262901 0.1326 1 0 1 9
"397" 41 2014 0 "Ghana " 81 46 885 0 0 0 25.366462 0.093 0 0 0 10
"398" 42 1980 0 "Great Britain " 46.9 51.6 1343 1 0 0 56.314216 0.9623 1 1 48 1
"399" 42 1984 0 "Great Britain " 46.9 51.6 1343 1 0 0 56.422072 0.7778 1 1 30 2
"400" 42 1988 0 "Great Britain " 46.9 51.6 1343 0 0 0 56.928327 1.4951 1 0 70 3
"401" 42 1992 0 "Great Britain " 46.9 51.6 1343 0 0 0 57.580402 1.9212 1 0 49 4
"402" 42 1994 0 "Great Britain " 46.9 51.6 1343 0 0 2 57.865745 1.8664 1 2 32 5
"403" 42 1998 0 "Great Britain " 46.9 51.6 1343 0 0 1 58.487141 2.5266 1 1 34 6
"404" 42 2002 0 "Great Britain " 46.9 51.6 1343 1 0 1 59.362051 2.7305 1 2 49 7
"405" 42 2006 0 "Great Britain " 46.9 51.6 1343 0 1 0 60.828396 4.082 1 1 40 8
"406" 42 2010 0 "Great Britain " 46.9 51.6 1343 1 0 0 62.747868 3.6425 1 1 52 9
"407" 42 2014 0 "Great Britain " 46.9 51.6 1343 1 1 2 63.612729 4.082 1 4 56 10
"408" 43 1980 0 "Greece " 55.9 56.9 2917 0 0 0 9.642505 0.562 1 0 3 1
"409" 43 1984 0 "Greece " 55.9 56.9 2917 0 0 0 9.895801 0.4627 1 0 6 2
"410" 43 1988 0 "Greece " 55.9 56.9 2917 0 0 0 10.036983 0.7245 1 0 7 3
"411" 43 1992 0 "Greece " 55.9 56.9 2917 0 0 0 10.369866 1.0687 1 0 8 4
"412" 43 1994 0 "Greece " 55.9 56.9 2917 0 0 0 10.553035 1.0536 1 0 9 5
"413" 43 1998 0 "Greece " 55.9 56.9 2917 0 0 0 10.83488 1.2485 1 0 13 6
"414" 43 2002 0 "Greece " 55.9 56.9 2917 0 0 0 10.987543 1.3292 1 0 10 7
"415" 43 2006 0 "Greece " 55.9 56.9 2917 0 0 0 11.14846 2.3475 1 0 5 8
"416" 43 2010 0 "Greece " 55.9 56.9 2917 0 0 0 11.307502 2.602 1 0 7 9
"417" 43 2014 0 "Greece " 55.9 56.9 2917 0 0 0 11.092771 2.3475 1 0 7 10
"418" 44 1980 0 "Guam" 86.3 100.6 406 0 0 0 0.104131 NA 0 0 0 1
"419" 44 1984 0 "Guam" 86.3 100.6 406 0 0 0 0.113961 NA 0 0 0 2
"420" 44 1988 0 "Guam" 86.3 100.6 406 0 0 0 0.124677 NA 1 0 1 3
"421" 45 1980 0 "Guatemala" 75 6.6 4211 0 0 0 7.001101 0.1125 0 0 0 1
"422" 45 1984 0 "Guatemala" 75 6.6 4211 0 0 0 7.73121 0.1225 0 0 0 2
"423" 45 1988 0 "Guatemala" 75 6.6 4211 0 0 0 8.491594 0.0923 1 0 1 3
"424" 46 1980 0 "Honduras" 77.7 9.9 2870 0 0 0 3.635862 0.0706 0 0 0 1
"425" 46 1984 0 "Honduras" 77.7 9.9 2870 0 0 0 4.111424 0.0807 0 0 0 2
"426" 46 1988 0 "Honduras" 77.7 9.9 2870 0 0 0 4.631575 0.0857 0 0 0 3
"427" 46 1992 0 "Honduras" 77.7 9.9 2870 0 0 0 5.180884 0.066 1 0 1 4
"428" 46 1994 0 "Honduras" 77.7 9.9 2870 0 0 0 5.457189 0.0629 0 0 0 5
"429" 46 1998 0 "Honduras" 77.7 9.9 2870 0 0 0 5.980152 0.087 0 0 0 6
"430" 46 2002 0 "Honduras" 77.7 9.9 2870 0 0 0 6.495801 0.1197 0 0 0 7
"431" 46 2006 0 "Honduras" 77.7 9.9 2870 0 0 0 7.037428 0.1541 0 0 0 8
"432" 46 2010 0 "Honduras" 77.7 9.9 2870 0 0 0 7.621204 0.2064 0 0 0 9
"433" 46 2014 0 "Honduras" 77.7 9.9 2870 0 0 0 7.935846 0.1541 0 0 0 10
"434" 47 1980 0 "Hong Kong " 65.5 24.7 958 0 0 0 5.0631 0.57 0 0 0 1
"435" 47 1984 0 "Hong Kong " 65.5 24.7 958 0 0 0 5.3979 0.6208 0 0 0 2
"436" 47 1988 0 "Hong Kong " 65.5 24.7 958 0 0 0 5.6276 1.061 0 0 0 3
"437" 47 1992 0 "Hong Kong " 65.5 24.7 958 0 0 0 5.8005 1.7976 0 0 0 4
"438" 47 1994 0 "Hong Kong " 65.5 24.7 958 0 0 0 6.0354 2.2503 0 0 0 5
"439" 47 1998 0 "Hong Kong " 65.5 24.7 958 0 0 0 6.5437 2.5809 0 0 0 6
"440" 47 2002 0 "Hong Kong " 65.5 24.7 958 0 0 0 6.7441 2.4666 1 0 2 7
"441" 47 2006 0 "Hong Kong " 65.5 24.7 958 0 0 0 6.8571 2.8224 1 0 1 8
"442" 47 2010 0 "Hong Kong " 65.5 24.7 958 0 0 0 7.0242 3.2558 1 0 1 9
"443" 47 2014 0 "Hong Kong " 65.5 24.7 958 0 0 0 7.1546 2.8224 1 0 1 10
"444" 48 1980 0 "Hungary " 37.2 38.5 1014 0 1 0 10.711122 0.2069 1 1 3 1
"445" 48 1984 0 "Hungary " 37.2 38.5 1014 0 0 0 10.668095 0.1909 1 0 9 2
"446" 48 1988 0 "Hungary " 37.2 38.5 1014 0 0 0 10.596487 0.2696 1 0 6 3
"447" 48 1992 0 "Hungary " 37.2 38.5 1014 0 0 0 10.369341 0.3666 1 0 24 4
"448" 48 1994 0 "Hungary " 37.2 38.5 1014 0 0 0 10.343355 0.4096 1 0 16 5
"449" 48 1998 0 "Hungary " 37.2 38.5 1014 0 0 0 10.26657 0.4671 1 0 17 6
"450" 48 2002 0 "Hungary " 37.2 38.5 1014 0 0 0 10.158608 0.6535 1 0 25 7
"451" 48 2006 0 "Hungary " 37.2 38.5 1014 0 0 0 10.07137 1.1174 1 0 20 8
"452" 48 2010 0 "Hungary " 37.2 38.5 1014 0 0 0 10.000023 1.275 1 0 16 9
"453" 48 2014 0 "Hungary " 37.2 38.5 1014 0 0 0 9.920362 1.1174 1 0 16 10
"454" 49 1980 0 "Iceland " 25 80.6 2110 0 0 0 0.228138 1.4602 1 0 6 1
"455" 49 1984 0 "Iceland " 25 80.6 2110 0 0 0 0.239511 1.1782 1 0 5 2
"456" 49 1988 0 "Iceland " 25 80.6 2110 0 0 0 0.24974 2.409 1 0 3 3
"457" 49 1992 0 "Iceland " 25 80.6 2110 0 0 0 0.261057 2.6722 1 0 5 4
"458" 49 1994 0 "Iceland " 25 80.6 2110 0 0 0 0.266021 2.3663 1 0 5 5
"459" 49 1998 0 "Iceland " 25 80.6 2110 0 0 0 0.274047 3.0257 1 0 7 6
"460" 49 2002 0 "Iceland " 25 80.6 2110 0 0 0 0.287523 3.0979 1 0 6 7
"461" 49 2006 0 "Iceland " 25 80.6 2110 0 0 0 0.303782 5.4814 1 0 5 8
"462" 49 2010 0 "Iceland " 25 80.6 2110 0 0 0 0.318041 3.9507 1 0 4 9
"463" 49 2014 0 "Iceland " 25 80.6 2110 0 0 0 0.320716 5.4814 1 0 5 10
"464" 50 1980 0 "India " 87.1 0.6 8598 0 0 0 698.965575 0.0271 0 0 0 1
"465" 50 1984 0 "India " 87.1 0.6 8598 0 0 0 764.749394 0.0282 0 0 0 2
"466" 50 1988 0 "India " 87.1 0.6 8598 0 0 0 833.83351 0.0362 1 0 3 3
"467" 50 1992 0 "India " 87.1 0.6 8598 0 0 0 903.749636 0.0324 1 0 2 4
"468" 50 1994 0 "India " 87.1 0.6 8598 0 0 0 938.45255 0.0355 0 0 0 5
"469" 50 1998 0 "India " 87.1 0.6 8598 0 0 0 1007.746556 0.0425 1 0 1 6
"470" 50 2002 0 "India " 87.1 0.6 8598 0 0 0 1076.705723 0.0487 1 0 1 7
"471" 50 2006 0 "India " 87.1 0.6 8598 0 0 0 1143.28935 0.083 1 0 4 8
"472" 50 2010 0 "India " 87.1 0.6 8598 0 0 0 1205.624648 0.1417 1 0 3 9
"473" 50 2014 0 "India " 87.1 0.6 8598 0 0 0 1236.686732 0.083 1 0 3 10
"474" 51 1980 0 "Iran " 43 63.1 5671 0 0 0 38.88952 0.2315 0 0 0 1
"475" 51 1984 0 "Iran " 43 63.1 5671 0 0 0 45.672219 0.3351 0 0 0 2
"476" 51 1988 0 "Iran " 43 63.1 5671 0 0 0 53.250434 0.2184 0 0 0 3
"477" 51 1992 0 "Iran " 43 63.1 5671 0 0 0 58.307457 NA 0 0 0 4
"478" 51 1994 0 "Iran " 43 63.1 5671 0 0 0 59.663107 0.1125 0 0 0 5
"479" 51 1998 0 "Iran " 43 63.1 5671 0 0 0 63.713397 0.1611 1 0 1 6
"480" 51 2002 0 "Iran " 43 63.1 5671 0 0 0 67.727274 0.1719 1 0 2 7
"481" 51 2006 0 "Iran " 43 63.1 5671 0 0 0 70.976584 0.314 1 0 2 8
"482" 51 2010 0 "Iran " 43 63.1 5671 0 0 0 74.462314 0.5675 1 0 4 9
"483" 51 2014 0 "Iran " 43 63.1 5671 0 0 0 76.424443 0.314 1 0 5 10
"484" 52 1980 0 "Ireland " 47.8 62.6 1041 0 0 0 3.4128 0.6258 0 0 0 1
"485" 52 1984 0 "Ireland " 47.8 62.6 1041 0 0 0 3.532423 0.559 0 0 0 2
"486" 52 1988 0 "Ireland " 47.8 62.6 1041 0 0 0 3.524949 1.0523 0 0 0 3
"487" 52 1992 0 "Ireland " 47.8 62.6 1041 0 0 0 3.55843 1.5432 1 0 4 4
"488" 52 1994 0 "Ireland " 47.8 62.6 1041 0 0 0 3.590386 1.5617 0 0 0 5
"489" 52 1998 0 "Ireland " 47.8 62.6 1041 0 0 0 3.712696 2.375 1 0 6 6
"490" 52 2002 0 "Ireland " 47.8 62.6 1041 0 0 0 3.931947 3.1286 1 0 6 7
"491" 52 2006 0 "Ireland " 47.8 62.6 1041 0 0 0 4.274137 5.2119 1 0 4 8
"492" 52 2010 0 "Ireland " 47.8 62.6 1041 0 0 0 4.560155 4.5917 1 0 7 9
"493" 52 2014 0 "Ireland " 47.8 62.6 1041 0 0 0 4.586897 5.2119 1 0 5 10
"494" 53 1980 0 "Israel " 53.2 133.2 1208 0 0 0 3.878 0.5617 0 0 0 1
"495" 53 1984 0 "Israel " 53.2 133.2 1208 0 0 0 4.159 0.6262 0 0 0 2
"496" 53 1988 0 "Israel " 53.2 133.2 1208 0 0 0 4.442 0.9881 0 0 0 3
"497" 53 1992 0 "Israel " 53.2 133.2 1208 0 0 0 5.123 1.2838 0 0 0 4
"498" 53 1994 0 "Israel " 53.2 133.2 1208 0 0 0 5.399 1.383 1 0 1 5
"499" 53 1998 0 "Israel " 53.2 133.2 1208 0 0 0 5.971 1.8392 1 0 3 6
"500" 53 2002 0 "Israel " 53.2 133.2 1208 0 0 0 6.57 1.7195 1 0 5 7
"501" 53 2006 0 "Israel " 53.2 133.2 1208 0 0 0 7.0537 2.1405 1 0 5 8
"502" 53 2010 0 "Israel " 53.2 133.2 1208 0 0 0 7.6236 3.0389 1 0 3 9
"503" 53 2014 0 "Israel " 53.2 133.2 1208 0 0 0 7.9105 2.1405 1 0 5 10
"504" 54 1980 0 "Italy " 53.4 66.9 4748 0 2 0 56.433883 0.8148 1 2 46 1
"505" 54 1984 0 "Italy " 53.4 66.9 4748 2 0 0 56.576718 0.7457 1 2 74 2
"506" 54 1988 0 "Italy " 53.4 66.9 4748 2 1 2 56.629288 1.517 1 5 85 3
"507" 54 1992 0 "Italy " 53.4 66.9 4748 4 6 4 56.797087 2.2395 1 14 107 4
"508" 54 1994 0 "Italy " 53.4 66.9 4748 7 5 8 56.8434 1.8632 1 20 104 5
"509" 54 1998 0 "Italy " 53.4 66.9 4748 2 6 2 56.906744 2.1519 1 10 112 6
"510" 54 2002 0 "Italy " 53.4 66.9 4748 4 4 5 57.157406 2.1435 1 13 112 7
"511" 54 2006 1 "Italy " 53.4 66.9 4748 5 0 6 58.941499 3.1777 1 11 184 8
"512" 54 2010 0 "Italy " 53.4 66.9 4748 1 1 3 60.483385 3.3982 1 5 109 9
"513" 54 2014 0 "Italy " 53.4 66.9 4748 0 2 6 59.539717 3.1777 1 8 113 10
"514" 55 1980 0 "Jamaica " 86.5 18 2256 0 0 0 2.133 0.1256 0 0 0 1
"515" 55 1984 0 "Jamaica " 86.5 18 2256 0 0 0 2.2799 0.1041 0 0 0 2
"516" 55 1988 0 "Jamaica " 86.5 18 2256 0 0 0 2.3564 0.1625 1 0 6 3
"517" 55 1992 0 "Jamaica " 86.5 18 2256 0 0 0 2.423044 0.1459 1 0 5 4
"518" 55 1994 0 "Jamaica " 86.5 18 2256 0 0 0 2.460002 0.2007 1 0 4 5
"519" 55 1998 0 "Jamaica " 86.5 18 2256 0 0 0 2.55678 0.3419 1 0 6 6
"520" 55 2002 0 "Jamaica " 86.5 18 2256 0 0 0 2.615253 0.3716 1 0 2 7
"521" 55 2006 0 "Jamaica " 86.5 18 2256 0 0 0 2.653042 0.4487 0 0 0 8
"522" 55 2010 0 "Jamaica " 86.5 18 2256 0 0 0 2.690824 0.4907 1 0 1 9
"523" 55 2014 0 "Jamaica " 86.5 18 2256 0 0 0 2.707805 0.4487 1 0 2 10
"524" 56 1980 0 "Japan " 49.8 52.3 3776 0 1 0 116.782 0.9308 1 1 50 1
"525" 56 1984 0 "Japan " 49.8 52.3 3776 0 1 0 120.018 1.0787 1 1 39 2
"526" 56 1988 0 "Japan " 49.8 52.3 3776 0 0 1 122.613 2.4593 1 1 63 3
"527" 56 1992 0 "Japan " 49.8 52.3 3776 1 2 4 124.229 3.1014 1 7 60 4
"528" 56 1994 0 "Japan " 49.8 52.3 3776 1 2 2 124.961 3.8815 1 5 57 5
"529" 56 1998 1 "Japan " 49.8 52.3 3776 5 1 4 126.41 3.0967 1 10 156 6
"530" 56 2002 0 "Japan " 49.8 52.3 3776 0 1 1 127.445 3.1236 1 2 103 7
"531" 56 2006 0 "Japan " 49.8 52.3 3776 1 0 0 127.756 3.4102 1 1 112 8
"532" 56 2010 0 "Japan " 49.8 52.3 3776 0 3 2 127.450459 4.3118 1 5 94 9
"533" 56 2014 0 "Japan " 49.8 52.3 3776 1 4 3 127.561489 3.4102 1 8 113 10
"534" 57 1980 0 "Kazakhstan " 33.3 34 6995 0 0 0 14.898332 NA 0 0 0 1
"535" 57 1984 0 "Kazakhstan " 33.3 34 6995 0 0 0 15.59959 NA 0 0 0 2
"536" 57 1988 0 "Kazakhstan " 33.3 34 6995 0 0 0 16.130832 NA 0 0 0 3
"537" 57 1992 0 "Kazakhstan " 33.3 34 6995 0 0 0 16.439095 0.1515 0 0 0 4
"538" 57 1994 0 "Kazakhstan " 33.3 34 6995 1 2 0 16.095199 0.132 1 3 29 5
"539" 57 1998 0 "Kazakhstan " 33.3 34 6995 0 0 2 15.0713 0.1469 1 2 60 6
"540" 57 2002 0 "Kazakhstan " 33.3 34 6995 0 0 0 14.858948 0.1658 1 0 50 7
"541" 57 2006 0 "Kazakhstan " 33.3 34 6995 0 0 0 15.308084 0.5292 1 0 56 8
"542" 57 2010 0 "Kazakhstan " 33.3 34 6995 0 1 0 16.321581 0.9071 1 1 38 9
"543" 57 2014 0 "Kazakhstan " 33.3 34 6995 0 0 1 16.791425 0.5292 1 1 52 10
"544" 58 1980 0 "Kenya" 71.6 17.6 5199 0 0 0 16.267906 0.0447 0 0 0 1
"545" 58 1984 0 "Kenya" 71.6 17.6 5199 0 0 0 18.942464 0.0327 0 0 0 2
"546" 58 1988 0 "Kenya" 71.6 17.6 5199 0 0 0 21.89689 0.0382 0 0 0 3
"547" 58 1992 0 "Kenya" 71.6 17.6 5199 0 0 0 25.036941 0.0328 0 0 0 4
"548" 58 1994 0 "Kenya" 71.6 17.6 5199 0 0 0 26.634659 0.0268 0 0 0 5
"549" 58 1998 0 "Kenya" 71.6 17.6 5199 0 0 0 29.702246 0.0475 1 0 1 6
"550" 58 2002 0 "Kenya" 71.6 17.6 5199 0 0 0 33.000524 0.0398 1 0 1 7
"551" 58 2006 0 "Kenya" 71.6 17.6 5199 0 0 0 36.757498 0.0612 1 0 1 8
"552" 58 2010 0 "Kenya" 71.6 17.6 5199 0 0 0 40.909194 0.0787 0 0 0 9
"553" 58 2014 0 "Kenya" 71.6 17.6 5199 0 0 0 43.178141 0.0612 0 0 0 10
"554" 59 1980 0 "Kyrgyzstan " 37.8 26 7439 0 0 0 3.6174 NA 0 0 0 1
"555" 59 1984 0 "Kyrgyzstan " 37.8 26 7439 0 0 0 3.9164 NA 0 0 0 2
"556" 59 1988 0 "Kyrgyzstan " 37.8 26 7439 0 0 0 4.2184 NA 0 0 0 3
"557" 59 1992 0 "Kyrgyzstan " 37.8 26 7439 0 0 0 4.5154 0.0513 0 0 0 4
"558" 59 1994 0 "Kyrgyzstan " 37.8 26 7439 0 0 0 4.5151 0.0372 1 0 1 5
"559" 59 1998 0 "Kyrgyzstan " 37.8 26 7439 0 0 0 4.769 0.0345 1 0 1 6
"560" 59 2002 0 "Kyrgyzstan " 37.8 26 7439 0 0 0 4.9907 0.0322 1 0 2 7
"561" 59 2006 0 "Kyrgyzstan " 37.8 26 7439 0 0 0 5.2184 0.0543 1 0 1 8
"562" 59 2010 0 "Kyrgyzstan " 37.8 26 7439 0 0 0 5.4479 0.088 1 0 2 9
"563" 59 2014 0 "Kyrgyzstan " 37.8 26 7439 0 0 0 5.6072 0.0543 1 0 1 10
"564" 60 1980 0 "Latvia " 27.9 33.7 312 0 0 0 2.511701 NA 0 0 0 1
"565" 60 1984 0 "Latvia " 27.9 33.7 312 0 0 0 2.562047 NA 0 0 0 2
"566" 60 1988 0 "Latvia " 27.9 33.7 312 0 0 0 2.653434 0.2573 0 0 0 3
"567" 60 1992 0 "Latvia " 27.9 33.7 312 0 0 0 2.614338 0.1854 1 0 23 4
"568" 60 1994 0 "Latvia " 27.9 33.7 312 0 0 0 2.520742 0.2008 1 0 27 5
"569" 60 1998 0 "Latvia " 27.9 33.7 312 0 0 0 2.410019 0.2746 1 0 29 6
"570" 60 2002 0 "Latvia " 27.9 33.7 312 0 0 0 2.310173 0.4032 1 0 47 7
"571" 60 2006 0 "Latvia " 27.9 33.7 312 0 0 1 2.218357 0.8986 1 1 58 8
"572" 60 2010 0 "Latvia " 27.9 33.7 312 0 2 0 2.097555 1.1447 1 2 59 9
"573" 60 2014 0 "Latvia " 27.9 33.7 312 0 2 2 2.034319 0.8986 1 4 58 10
"574" 61 1980 0 "Lebanon " 63 190.9 3088 0 0 0 2.605294 NA 1 0 3 1
"575" 61 1984 0 "Lebanon " 63 190.9 3088 0 0 0 2.667229 NA 1 0 4 2
"576" 61 1988 0 "Lebanon " 63 190.9 3088 0 0 0 2.668593 0.1242 1 0 4 3
"577" 61 1992 0 "Lebanon " 63 190.9 3088 0 0 0 2.821868 0.1965 1 0 4 4
"578" 61 1994 0 "Lebanon " 63 190.9 3088 0 0 0 2.974647 0.3227 0 0 0 5
"579" 61 1998 0 "Lebanon " 63 190.9 3088 0 0 0 3.114014 0.5539 0 0 0 6
"580" 61 2002 0 "Lebanon " 63 190.9 3088 0 0 0 3.515604 0.5448 1 0 2 7
"581" 61 2006 0 "Lebanon " 63 190.9 3088 0 0 0 4.079823 0.55 1 0 3 8
"582" 61 2010 0 "Lebanon " 63 190.9 3088 0 0 0 4.341092 0.8552 1 0 3 9
"583" 61 2014 0 "Lebanon " 63 190.9 3088 0 0 0 4.424888 0.55 1 0 2 10
"584" 62 1980 0 "Liechtenstein " 39.7 41 2599 2 2 0 0.025869 2.0669 1 4 7 1
"585" 62 1984 0 "Liechtenstein " 39.7 41 2599 0 0 2 0.027009 1.8609 1 2 10 2
"586" 62 1988 0 "Liechtenstein " 39.7 41 2599 0 0 1 0.028089 4.136 1 1 13 3
"587" 62 1992 0 "Liechtenstein " 39.7 41 2599 0 0 0 0.029512 5.5272 1 0 7 4
"588" 62 1994 0 "Liechtenstein " 39.7 41 2599 0 0 0 0.030373 6.414 1 0 10 5
"589" 62 1998 0 "Liechtenstein " 39.7 41 2599 0 0 0 0.032227 7.6945 1 0 8 6
"590" 62 2002 0 "Liechtenstein " 39.7 41 2599 0 0 0 0.033821 7.9496 1 0 8 7
"591" 62 2006 0 "Liechtenstein " 39.7 41 2599 0 0 0 0.035028 11.3874 1 0 6 8
"592" 62 2010 0 "Liechtenstein " 39.7 41 2599 0 0 0 0.03612 NA 1 0 7 9
"593" 62 2014 0 "Liechtenstein " 39.7 41 2599 0 0 0 0.036656 11.3874 1 0 4 10
"594" 63 1980 0 "Lithuania " 25.7 38.9 294 0 0 0 3.413202 NA 0 0 0 1
"595" 63 1984 0 "Lithuania " 25.7 38.9 294 0 0 0 3.514205 NA 0 0 0 2
"596" 63 1988 0 "Lithuania " 25.7 38.9 294 0 0 0 3.655049 NA 0 0 0 3
"597" 63 1992 0 "Lithuania " 25.7 38.9 294 0 0 0 3.700114 0.2314 1 0 6 4
"598" 63 1994 0 "Lithuania " 25.7 38.9 294 0 0 0 3.657144 0.1903 1 0 6 5
"599" 63 1998 0 "Lithuania " 25.7 38.9 294 0 0 0 3.549331 0.3171 1 0 7 6
"600" 63 2002 0 "Lithuania " 25.7 38.9 294 0 0 0 3.443067 0.4114 1 0 8 7
"601" 63 2006 0 "Lithuania " 25.7 38.9 294 0 0 0 3.269909 0.9202 1 0 7 8
"602" 63 2010 0 "Lithuania " 25.7 38.9 294 0 0 0 3.097282 1.1722 1 0 8 9
"603" 63 2014 0 "Lithuania " 25.7 38.9 294 0 0 0 2.987773 0.9202 1 0 9 10
"604" 64 1980 0 "Luxembourg" 36.1 71.2 559 0 0 0 0.36415 1.6389 0 0 0 1
"605" 64 1984 0 "Luxembourg" 36.1 71.2 559 0 0 0 0.365998 1.2022 0 0 0 2
"606" 64 1988 0 "Luxembourg" 36.1 71.2 559 0 0 0 0.37345 2.5002 1 0 1 3
"607" 64 1992 0 "Luxembourg" 36.1 71.2 559 0 2 0 0.392175 3.923 1 2 1 4
"608" 64 1994 0 "Luxembourg" 36.1 71.2 559 0 0 0 0.402925 4.3555 1 0 1 5
"609" 64 1998 0 "Luxembourg" 36.1 71.2 559 0 0 0 0.4247 4.5565 1 0 1 6
"610" 64 2002 0 "Luxembourg" 36.1 71.2 559 0 0 0 0.446175 5.0583 0 0 0 7
"611" 64 2006 0 "Luxembourg" 36.1 71.2 559 0 0 0 0.472637 9.0016 1 0 1 8
"612" 64 2010 0 "Luxembourg" 36.1 71.2 559 0 0 0 0.506953 10.2679 0 0 0 9
"613" 64 2014 0 "Luxembourg" 36.1 71.2 559 0 0 0 0.530946 9.0016 1 0 1 10
"614" 65 1980 0 "Macedonia " 40.1 30 2764 0 0 0 1.895727 NA 0 0 0 1
"615" 65 1984 0 "Macedonia " 40.1 30 2764 0 0 0 1.939913 NA 0 0 0 2
"616" 65 1988 0 "Macedonia " 40.1 30 2764 0 0 0 1.995338 NA 0 0 0 3
"617" 65 1992 0 "Macedonia " 40.1 30 2764 0 0 0 1.99308 0.1162 0 0 0 4
"618" 65 1994 0 "Macedonia " 40.1 30 2764 0 0 0 1.968851 0.1717 0 0 0 5
"619" 65 1998 0 "Macedonia " 40.1 30 2764 0 0 0 2.013117 0.1774 1 0 3 6
"620" 65 2002 0 "Macedonia " 40.1 30 2764 0 0 0 2.074441 0.1828 1 0 2 7
"621" 65 2006 0 "Macedonia " 40.1 30 2764 0 0 0 2.093801 0.3133 1 0 3 8
"622" 65 2010 0 "Macedonia " 40.1 30 2764 0 0 0 2.102216 0.4442 1 0 3 9
"623" 65 2014 0 "Macedonia " 40.1 30 2764 0 0 0 2.105575 0.3133 1 0 3 10
"624" 66 1980 0 "Madegascar" 68.7 10.8 2876 0 0 0 8.746516 0.0462 0 0 0 1
"625" 66 1984 0 "Madegascar" 68.7 10.8 2876 0 0 0 9.714342 0.0303 0 0 0 2
"626" 66 1988 0 "Madegascar" 68.7 10.8 2876 0 0 0 10.877757 0.0225 0 0 0 3
"627" 66 1992 0 "Madegascar" 68.7 10.8 2876 0 0 0 12.263899 0.0247 0 0 0 4
"628" 66 1994 0 "Madegascar" 68.7 10.8 2876 0 0 0 13.039754 0.0228 0 0 0 5
"629" 66 1998 0 "Madegascar" 68.7 10.8 2876 0 0 0 14.790245 0.0253 0 0 0 6
"630" 66 2002 0 "Madegascar" 68.7 10.8 2876 0 0 0 16.736029 0.0263 0 0 0 7
"631" 66 2006 0 "Madegascar" 68.7 10.8 2876 0 0 0 18.826126 0.0293 1 0 1 8
"632" 66 2010 0 "Madegascar" 68.7 10.8 2876 0 0 0 21.079532 0.0419 0 0 0 9
"633" 66 2014 0 "Madegascar" 68.7 10.8 2876 0 0 0 22.293914 0.0293 0 0 0 10
"634" 67 1980 0 "Malta" 59 89 253 0 0 0 0.316645 0.3948 0 0 0 1
"635" 67 1984 0 "Malta" 59 89 253 0 0 0 0.330593 0.3333 0 0 0 2
"636" 67 1988 0 "Malta" 59 89 253 0 0 0 0.347325 0.5814 0 0 0 3
"637" 67 1992 0 "Malta" 59 89 253 0 0 0 0.36126 0.8365 0 0 0 4
"638" 67 1994 0 "Malta" 59 89 253 0 0 0 0.367941 0.8149 0 0 0 5
"639" 67 1998 0 "Malta" 59 89 253 0 0 0 0.377516 1.0091 0 0 0 6
"640" 67 2002 0 "Malta" 59 89 253 0 0 0 0.395969 1.085 0 0 0 7
"641" 67 2006 0 "Malta" 59 89 253 0 0 0 0.405308 1.5766 0 0 0 8
"642" 67 2010 0 "Malta" 59 89 253 0 0 0 0.414508 1.9695 0 0 0 9
"643" 67 2014 0 "Malta" 59 89 253 0 0 0 0.419455 1.5766 1 0 1 10
"644" 68 1980 0 "Mexico " 70.3 7.6 5700 0 0 0 70.353013 0.2763 0 0 0 1
"645" 68 1984 0 "Mexico " 70.3 7.6 5700 0 0 0 76.351106 0.23 1 0 1 2
"646" 68 1988 0 "Mexico " 70.3 7.6 5700 0 0 0 82.635332 0.2216 1 0 12 3
"647" 68 1992 0 "Mexico " 70.3 7.6 5700 0 0 0 89.757916 0.4051 1 0 20 4
"648" 68 1994 0 "Mexico " 70.3 7.6 5700 0 0 0 93.541577 0.571 1 0 1 5
"649" 68 1998 0 "Mexico " 70.3 7.6 5700 0 0 0 100.678867 0.5046 0 0 0 6
"650" 68 2002 0 "Mexico " 70.3 7.6 5700 0 0 0 106.723661 0.7032 1 0 3 7
"651" 68 2006 0 "Mexico " 70.3 7.6 5700 0 0 0 112.116694 0.8618 0 0 0 8
"652" 68 2010 0 "Mexico " 70.3 7.6 5700 0 0 0 117.886404 0.8885 1 0 1 9
"653" 68 2014 0 "Mexico " 70.3 7.6 5700 0 0 0 120.847477 0.8618 1 0 1 10
"654" 69 1980 0 "Moldova " 33.6 36 430 0 0 0 3.397 NA 0 0 0 1
"655" 69 1984 0 "Moldova " 33.6 36 430 0 0 0 3.536 NA 0 0 0 2
"656" 69 1988 0 "Moldova " 33.6 36 430 0 0 0 3.659 NA 0 0 0 3
"657" 69 1992 0 "Moldova " 33.6 36 430 0 0 0 3.709 0.0625 0 0 0 4
"658" 69 1994 0 "Moldova " 33.6 36 430 0 0 0 3.694 0.0461 1 0 2 5
"659" 69 1998 0 "Moldova " 33.6 36 430 0 0 0 3.652732 0.0449 1 0 2 6
"660" 69 2002 0 "Moldova " 33.6 36 430 0 0 0 3.623062 0.0459 1 0 5 7
"661" 69 2006 0 "Moldova " 33.6 36 430 0 0 0 3.585209 0.0951 1 0 7 8
"662" 69 2010 0 "Moldova " 33.6 36 430 0 0 0 3.562045 0.1632 1 0 7 9
"663" 69 2014 0 "Moldova " 33.6 36 430 0 0 0 3.559519 0.0951 1 0 4 10
"664" 70 1980 0 "Monaco " 54.1 82.7 140 0 0 0 0.026746 5.1527 0 0 0 1
"665" 70 1984 0 "Monaco " 54.1 82.7 140 0 0 0 0.028514 3.6379 1 0 1 2
"666" 70 1988 0 "Monaco " 54.1 82.7 140 0 0 0 0.029238 6.8427 1 0 4 3
"667" 70 1992 0 "Monaco " 54.1 82.7 140 0 0 0 0.029864 9.1651 1 0 5 4
"668" 70 1994 0 "Monaco " 54.1 82.7 140 0 0 0 0.030423 8.9416 1 0 5 5
"669" 70 1998 0 "Monaco " 54.1 82.7 140 0 0 0 0.031517 9.3111 1 0 4 6
"670" 70 2002 0 "Monaco " 54.1 82.7 140 0 0 0 0.032653 8.8996 1 0 5 7
"671" 70 2006 0 "Monaco " 54.1 82.7 140 0 0 0 0.034369 13.5689 1 0 4 8
"672" 70 2010 0 "Monaco " 54.1 82.7 140 0 0 0 0.036845 14.523 1 0 3 9
"673" 70 2014 0 "Monaco " 54.1 82.7 140 0 0 0 0.037579 13.5689 1 0 5 10
"674" 71 1980 0 "Mongolia " 3.9 1.1 4374 0 0 0 1.689621 NA 1 0 3 1
"675" 71 1984 0 "Mongolia " 3.9 1.1 4374 0 0 0 1.871083 0.1122 1 0 4 2
"676" 71 1988 0 "Mongolia " 3.9 1.1 4374 0 0 0 2.089721 0.1533 1 0 3 3
"677" 71 1992 0 "Mongolia " 3.9 1.1 4374 0 0 0 2.243525 0.0587 1 0 4 4
"678" 71 1994 0 "Mongolia " 3.9 1.1 4374 0 0 0 2.280519 0.0406 1 0 1 5
"679" 71 1998 0 "Mongolia " 3.9 1.1 4374 0 0 0 2.355618 0.0477 1 0 3 6
"680" 71 2002 0 "Mongolia " 3.9 1.1 4374 0 0 0 2.443231 0.0572 1 0 4 7
"681" 71 2006 0 "Mongolia " 3.9 1.1 4374 0 0 0 2.559496 0.1334 1 0 2 8
"682" 71 2010 0 "Mongolia " 3.9 1.1 4374 0 0 0 2.712738 0.2286 1 0 2 9
"683" 71 2014 0 "Mongolia " 3.9 1.1 4374 0 0 0 2.796484 0.1334 1 0 2 10
"684" 72 1980 0 "Montenegro " 49.1 192 2522 0 0 0 0.579088 NA 0 0 0 1
"685" 72 1984 0 "Montenegro " 49.1 192 2522 0 0 0 0.591105 NA 0 0 0 2
"686" 72 1988 0 "Montenegro " 49.1 192 2522 0 0 0 0.607814 NA 0 0 0 3
"687" 72 1992 0 "Montenegro " 49.1 192 2522 0 0 0 0.61663 NA 0 0 0 4
"688" 72 1994 0 "Montenegro " 49.1 192 2522 0 0 0 0.615521 NA 0 0 0 5
"689" 72 1998 0 "Montenegro " 49.1 192 2522 0 0 0 0.611947 NA 0 0 0 6
"690" 72 2002 0 "Montenegro " 49.1 192 2522 0 0 0 0.612325 0.2098 0 0 0 7
"691" 72 2006 0 "Montenegro " 49.1 192 2522 0 0 0 0.616854 0.4371 0 0 0 8
"692" 72 2010 0 "Montenegro " 49.1 192 2522 0 0 0 0.620078 0.6636 1 0 1 9
"693" 72 2014 0 "Montenegro " 49.1 192 2522 0 0 0 0.621081 0.4371 1 0 2 10
"694" 73 1980 0 "Morocco " 62.8 62.2 4165 0 0 0 19.798703 0.0943 0 0 0 1
"695" 73 1984 0 "Morocco " 62.8 62.2 4165 0 0 0 21.776104 0.0581 1 0 4 2
"696" 73 1988 0 "Morocco " 62.8 62.2 4165 0 0 0 23.73998 0.0927 1 0 3 3
"697" 73 1992 0 "Morocco " 62.8 62.2 4165 0 0 0 25.569662 0.1103 1 0 12 4
"698" 73 1994 0 "Morocco " 62.8 62.2 4165 0 0 0 26.421309 0.1138 0 0 0 5
"699" 73 1998 0 "Morocco " 62.8 62.2 4165 0 0 0 28.013585 0.1415 0 0 0 6
"700" 73 2002 0 "Morocco " 62.8 62.2 4165 0 0 0 29.311443 0.1363 0 0 0 7
"701" 73 2006 0 "Morocco " 62.8 62.2 4165 0 0 0 30.395097 0.2128 0 0 0 8
"702" 73 2010 0 "Morocco " 62.8 62.2 4165 0 0 0 31.64236 0.2823 1 0 1 9
"703" 73 2014 0 "Morocco " 62.8 62.2 4165 0 0 0 32.521143 0.2128 1 0 2 10
"704" 74 1980 0 "Nepal " 66.4 14.4 8850 0 0 0 14.384864 0.0135 0 0 0 1
"705" 74 1984 0 "Nepal " 66.4 14.4 8850 0 0 0 15.778051 0.0164 0 0 0 2
"706" 74 1988 0 "Nepal " 66.4 14.4 8850 0 0 0 17.273606 0.0202 0 0 0 3
"707" 74 1992 0 "Nepal " 66.4 14.4 8850 0 0 0 19.050879 0.0179 0 0 0 4
"708" 74 1994 0 "Nepal " 66.4 14.4 8850 0 0 0 20.065413 0.0203 0 0 0 5
"709" 74 1998 0 "Nepal " 66.4 14.4 8850 0 0 0 22.175431 0.0219 0 0 0 6
"710" 74 2002 0 "Nepal " 66.4 14.4 8850 0 0 0 24.102862 0.0251 1 0 1 7
"711" 74 2006 0 "Nepal " 66.4 14.4 8850 0 0 0 25.634043 0.0353 1 0 1 8
"712" 74 2010 0 "Nepal " 66.4 14.4 8850 0 0 0 26.846016 0.0596 1 0 1 9
"713" 74 2014 0 "Nepal " 66.4 14.4 8850 0 0 0 27.474377 0.0353 1 0 1 10
"714" 75 1980 0 "Netherlands " 42.4 66.6 862 1 2 1 14.1498 1.2775 1 4 29 1
"715" 75 1984 0 "Netherlands " 42.4 66.6 862 0 0 0 14.424211 0.9242 1 0 13 2
"716" 75 1988 0 "Netherlands " 42.4 66.6 862 3 2 2 14.760094 1.6437 1 7 23 3
"717" 75 1992 0 "Netherlands " 42.4 66.6 862 1 1 2 15.184166 2.2142 1 4 19 4
"718" 75 1994 0 "Netherlands " 42.4 66.6 862 0 1 3 15.382838 2.283 1 4 21 5
"719" 75 1998 0 "Netherlands " 42.4 66.6 862 5 4 2 15.707209 2.5635 1 11 22 6
"720" 75 2002 0 "Netherlands " 42.4 66.6 862 3 5 0 16.148929 2.7111 1 8 27 7
"721" 75 2006 0 "Netherlands " 42.4 66.6 862 3 2 4 16.346101 4.1459 1 9 35 8
"722" 75 2010 0 "Netherlands " 42.4 66.6 862 4 1 3 16.615394 4.6773 1 8 34 9
"723" 75 2014 0 "Netherlands " 42.4 66.6 862 8 7 9 16.754962 4.1459 1 24 41 10
"724" 76 1980 0 "Netherlands Antilles" NA NA NA 0 0 0 14.1498 1.2775 0 0 0 1
"725" 76 1984 0 "Netherlands Antilles" NA NA NA 0 0 0 NA 0.9242 0 0 0 2
"726" 76 1988 0 "Netherlands Antilles" NA NA NA 0 0 0 14.760094 1.6437 1 0 3 3
"727" 76 1992 0 "Netherlands Antilles" NA NA NA 0 0 0 15.184166 2.2142 1 0 2 4
"728" 77 1980 0 "New Zealand " 58.5 145.1 3754 0 0 0 3.1129 0.7401 1 0 5 1
"729" 77 1984 0 "New Zealand " 58.5 145.1 3754 0 0 0 3.2271 0.6642 1 0 6 2
"730" 77 1988 0 "New Zealand " 58.5 145.1 3754 0 0 0 3.2834 1.3635 1 0 11 3
"731" 77 1992 0 "New Zealand " 58.5 145.1 3754 0 1 0 3.5317 1.1669 1 1 6 4
"732" 77 1994 0 "New Zealand " 58.5 145.1 3754 0 0 0 3.62 1.5129 1 0 7 5
"733" 77 1998 0 "New Zealand " 58.5 145.1 3754 0 0 0 3.815 1.4576 1 0 8 6
"734" 77 2002 0 "New Zealand " 58.5 145.1 3754 0 0 0 3.9485 1.6715 1 0 10 7
"735" 77 2006 0 "New Zealand " 58.5 145.1 3754 0 0 0 4.1846 2.636 1 0 18 8
"736" 77 2010 0 "New Zealand " 58.5 145.1 3754 0 0 0 4.3678 3.2796 1 0 16 9
"737" 77 2014 0 "New Zealand " 58.5 145.1 3754 0 0 0 4.4331 2.636 1 0 15 10
"738" 78 1980 0 "North Korea " 30.6 12.2 2744 0 0 0 17.372172 NA 0 0 0 1
"739" 78 1984 0 "North Korea " 30.6 12.2 2744 0 0 0 18.488002 NA 1 0 6 2
"740" 78 1988 0 "North Korea " 30.6 12.2 2744 0 0 0 19.610518 NA 1 0 6 3
"741" 78 1992 0 "North Korea " 30.6 12.2 2744 0 0 1 20.83809 NA 1 1 20 4
"742" 78 1994 0 "North Korea " 30.6 12.2 2744 0 0 0 21.478552 NA 0 0 0 5
"743" 78 1998 0 "North Korea " 30.6 12.2 2744 0 0 0 22.444993 NA 1 0 8 6
"744" 78 2002 0 "North Korea " 30.6 12.2 2744 0 0 0 23.248059 NA 0 0 0 7
"745" 78 2006 0 "North Korea " 30.6 12.2 2744 0 0 0 23.969917 NA 1 0 6 8
"746" 78 2010 0 "North Korea " 30.6 12.2 2744 0 0 0 24.50052 NA 1 0 2 9
"747" 78 2014 0 "North Korea " 30.6 12.2 2744 0 0 0 24.763188 NA 0 0 0 10
"748" 79 1980 0 "Norway " 28.8 49 2469 1 3 6 4.08562 1.5595 1 10 63 1
"749" 79 1984 0 "Norway " 28.8 49 2469 3 2 4 4.140099 1.4758 1 9 58 2
"750" 79 1988 0 "Norway " 28.8 49 2469 0 3 2 4.209488 2.3769 1 5 89 3
"751" 79 1992 0 "Norway " 28.8 49 2469 9 6 5 4.286401 2.9932 1 20 80 4
"752" 79 1994 1 "Norway " 28.8 49 2469 10 11 5 4.336613 2.8713 1 26 88 5
"753" 79 1998 0 "Norway " 28.8 49 2469 10 10 5 4.431464 3.4106 1 25 76 6
"754" 79 2002 0 "Norway " 28.8 49 2469 13 5 7 4.538159 4.2292 1 25 77 7
"755" 79 2006 0 "Norway " 28.8 49 2469 2 8 9 4.660677 7.296 1 19 81 8
"756" 79 2010 0 "Norway " 28.8 49 2469 9 8 6 4.889252 8.6156 1 23 99 9
"757" 79 2014 0 "Norway " 28.8 49 2469 11 5 10 5.018573 7.296 1 26 134 10
"758" 80 1980 0 "Pakistan " 78.1 3.6 8611 0 0 0 79.984297 0.0296 0 0 0 1
"759" 80 1984 0 "Pakistan " 78.1 3.6 8611 0 0 0 91.64316 0.034 0 0 0 2
"760" 80 1988 0 "Pakistan " 78.1 3.6 8611 0 0 0 104.58347 0.0368 0 0 0 3
"761" 80 1992 0 "Pakistan " 78.1 3.6 8611 0 0 0 117.291344 0.0415 0 0 0 4
"762" 80 1994 0 "Pakistan " 78.1 3.6 8611 0 0 0 123.450933 0.042 0 0 0 5
"763" 80 1998 0 "Pakistan " 78.1 3.6 8611 0 0 0 137.13929 0.0453 0 0 0 6
"764" 80 2002 0 "Pakistan " 78.1 3.6 8611 0 0 0 149.693684 0.0483 0 0 0 7
"765" 80 2006 0 "Pakistan " 78.1 3.6 8611 0 0 0 160.905794 0.0853 0 0 0 8
"766" 80 2010 0 "Pakistan " 78.1 3.6 8611 0 0 0 173.149306 0.1025 1 0 1 9
"767" 80 2014 0 "Pakistan " 78.1 3.6 8611 0 0 0 179.160111 0.0853 1 0 1 10
"768" 81 1980 0 "Paraguay" 73.8 39.4 842 0 0 0 3.198848 0.128 0 0 0 1
"769" 81 1984 0 "Paraguay" 73.8 39.4 842 0 0 0 3.597135 0.1131 0 0 0 2
"770" 81 1988 0 "Paraguay" 73.8 39.4 842 0 0 0 4.029203 0.1013 0 0 0 3
"771" 81 1992 0 "Paraguay" 73.8 39.4 842 0 0 0 4.470934 0.1601 0 0 0 4
"772" 81 1994 0 "Paraguay" 73.8 39.4 842 0 0 0 4.691695 0.1678 0 0 0 5
"773" 81 1998 0 "Paraguay" 73.8 39.4 842 0 0 0 5.130723 0.1759 0 0 0 6
"774" 81 2002 0 "Paraguay" 73.8 39.4 842 0 0 0 5.571371 0.1135 0 0 0 7
"775" 81 2006 0 "Paraguay" 73.8 39.4 842 0 0 0 6.014781 0.1773 0 0 0 8
"776" 81 2010 0 "Paraguay" 73.8 39.4 842 0 0 0 6.459721 0.3101 0 0 0 9
"777" 81 2014 0 "Paraguay" 73.8 39.4 842 0 0 0 6.687361 0.1773 1 0 1 10
"778" 82 1980 0 "Peru " 65.7 0.3 6768 0 0 0 17.328542 0.1192 0 0 0 1
"779" 82 1984 0 "Peru " 65.7 0.3 6768 0 0 0 19.081183 0.104 0 0 0 2
"780" 82 1988 0 "Peru " 65.7 0.3 6768 0 0 0 20.875714 0.0593 0 0 0 3
"781" 82 1992 0 "Peru " 65.7 0.3 6768 0 0 0 22.649612 0.1593 0 0 0 4
"782" 82 1994 0 "Peru " 65.7 0.3 6768 0 0 0 23.511358 0.191 0 0 0 5
"783" 82 1998 0 "Peru " 65.7 0.3 6768 0 0 0 25.206817 0.2251 0 0 0 6
"784" 82 2002 0 "Peru " 65.7 0.3 6768 0 0 0 26.729909 0.2124 0 0 0 7
"785" 82 2006 0 "Peru " 65.7 0.3 6768 0 0 0 28.030688 0.3298 0 0 0 8
"786" 82 2010 0 "Peru " 65.7 0.3 6768 0 0 0 29.26283 0.5386 1 0 3 9
"787" 82 2014 0 "Peru " 65.7 0.3 6768 0 0 0 29.9878 0.3298 1 0 3 10
"788" 83 1980 0 "Phillippines" 86.4 19 2954 0 0 0 47.398432 0.0685 0 0 0 1
"789" 83 1984 0 "Phillippines" 86.4 19 2954 0 0 0 52.872611 0.0594 0 0 0 2
"790" 83 1988 0 "Phillippines" 86.4 19 2954 0 0 0 58.867229 0.0644 1 0 1 3
"791" 83 1992 0 "Phillippines" 86.4 19 2954 0 0 0 64.996507 0.0815 1 0 1 4
"792" 83 1994 0 "Phillippines" 86.4 19 2954 0 0 0 68.050807 0.0942 0 0 0 5
"793" 83 1998 0 "Phillippines" 86.4 19 2954 0 0 0 74.393147 0.0971 0 0 0 6
"794" 83 2002 0 "Phillippines" 86.4 19 2954 0 0 0 80.953652 0.1005 0 0 0 7
"795" 83 2006 0 "Phillippines" 86.4 19 2954 0 0 0 87.366573 0.1399 0 0 0 8
"796" 83 2010 0 "Phillippines" 86.4 19 2954 0 0 0 93.444322 0.2136 0 0 0 9
"797" 83 2014 0 "Phillippines" 86.4 19 2954 0 0 0 96.706764 0.1399 1 0 1 10
"798" 84 1980 0 "Poland " 32.2 21 2499 0 0 0 35.57415 NA 1 0 30 1
"799" 84 1984 0 "Poland " 32.2 21 2499 0 0 0 36.904134 NA 1 0 30 2
"800" 84 1988 0 "Poland " 32.2 21 2499 0 0 0 37.824487 0.182 1 0 33 3
"801" 84 1992 0 "Poland " 32.2 21 2499 0 0 0 38.363667 0.2406 1 0 53 4
"802" 84 1994 0 "Poland " 32.2 21 2499 0 0 0 38.542652 0.2813 1 0 28 5
"803" 84 1998 0 "Poland " 32.2 21 2499 0 0 0 38.663481 0.4472 1 0 39 6
"804" 84 2002 0 "Poland " 32.2 21 2499 0 1 1 38.230364 0.5184 1 2 27 7
"805" 84 2006 0 "Poland " 32.2 21 2499 0 1 1 38.141267 0.8958 1 2 48 8
"806" 84 2010 0 "Poland " 32.2 21 2499 1 3 2 38.183683 1.2302 1 6 50 9
"807" 84 2014 0 "Poland " 32.2 21 2499 4 1 1 38.535873 0.8958 1 6 59 10
"808" 85 1980 0 "Portugal " 58.6 99.9 2351 0 0 0 9.766312 0.3323 0 0 0 1
"809" 85 1984 0 "Portugal " 58.6 99.9 2351 0 0 0 9.996232 0.2489 0 0 0 2
"810" 85 1988 0 "Portugal " 58.6 99.9 2351 0 0 0 10.01961 0.5549 1 0 5 3
"811" 85 1992 0 "Portugal " 58.6 99.9 2351 0 0 0 9.952494 1.0666 0 0 0 4
"812" 85 1994 0 "Portugal " 58.6 99.9 2351 0 0 0 9.991525 0.9844 1 0 1 5
"813" 85 1998 0 "Portugal " 58.6 99.9 2351 0 0 0 10.160196 1.2092 1 0 2 6
"814" 85 2002 0 "Portugal " 58.6 99.9 2351 0 0 0 10.419631 1.2696 0 0 0 7
"815" 85 2006 0 "Portugal " 58.6 99.9 2351 0 0 0 10.522288 1.9177 1 0 1 8
"816" 85 2010 0 "Portugal " 58.6 99.9 2351 0 0 0 10.5731 2.1653 1 0 1 9
"817" 85 2014 0 "Portugal " 58.6 99.9 2351 0 0 0 10.514844 1.9177 1 0 2 10
"818" 86 1980 0 "Puerto Rico" 83.2 95.5 1338 0 0 0 3.206 0.4503 0 0 0 1
"819" 86 1984 0 "Puerto Rico" 83.2 95.5 1338 0 0 0 3.34419 0.573 1 0 1 2
"820" 86 1988 0 "Puerto Rico" 83.2 95.5 1338 0 0 0 3.473898 0.7536 1 0 10 3
"821" 86 1992 0 "Puerto Rico" 83.2 95.5 1338 0 0 0 3.585176 0.9659 1 0 6 4
"822" 86 1994 0 "Puerto Rico" 83.2 95.5 1338 0 0 0 3.649237 1.0877 1 0 5 5
"823" 86 1998 0 "Puerto Rico" 83.2 95.5 1338 0 0 0 3.781101 1.4304 1 0 6 6
"824" 86 2002 0 "Puerto Rico" 83.2 95.5 1338 0 0 0 3.823701 1.8732 1 0 2 7
"825" 86 2006 0 "Puerto Rico" 83.2 95.5 1338 0 0 0 3.805214 2.2642 0 0 0 8
"826" 86 2010 0 "Puerto Rico" 83.2 95.5 1338 0 0 0 3.721208 2.6106 0 0 0 9
"827" 86 2014 0 "Puerto Rico" 83.2 95.5 1338 0 0 0 3.667084 2.2642 0 0 0 10
"828" 87 1980 0 "Romania " 34.7 40 2544 0 0 0 22.242653 NA 1 0 35 1
"829" 87 1984 0 "Romania " 34.7 40 2544 0 0 0 22.65594 NA 1 0 19 2
"830" 87 1988 0 "Romania " 34.7 40 2544 0 0 0 23.057662 0.1753 1 0 14 3
"831" 87 1992 0 "Romania " 34.7 40 2544 0 0 0 22.794284 0.1101 1 0 23 4
"832" 87 1994 0 "Romania " 34.7 40 2544 0 0 0 22.730211 0.1323 1 0 23 5
"833" 87 1998 0 "Romania " 34.7 40 2544 0 0 0 22.507344 0.1871 1 0 16 6
"834" 87 2002 0 "Romania " 34.7 40 2544 0 0 0 21.730496 0.2116 1 0 21 7
"835" 87 2006 0 "Romania " 34.7 40 2544 0 0 0 21.19376 0.5789 1 0 25 8
"836" 87 2010 0 "Romania " 34.7 40 2544 0 0 0 20.246871 0.8139 1 0 29 9
"837" 87 2014 0 "Romania " 34.7 40 2544 0 0 0 20.076727 0.5789 1 0 24 10
"838" 88 1980 0 "Russia " 25 52 5633 0 0 0 139.01 NA 0 0 0 1
"839" 88 1984 0 "Russia " 25 52 5633 0 0 0 142.745 NA 0 0 0 2
"840" 88 1988 0 "Russia " 25 52 5633 0 0 0 146.857 NA 0 0 0 3
"841" 88 1992 0 "Russia " 25 52 5633 0 0 0 148.689 0.3095 0 0 0 4
"842" 88 1994 0 "Russia " 25 52 5633 11 8 4 148.336 0.2663 1 23 113 5
"843" 88 1998 0 "Russia " 25 52 5633 9 6 3 146.899 0.1844 1 18 122 6
"844" 88 2002 0 "Russia " 25 52 5633 5 4 4 145.3 0.2375 1 13 151 7
"845" 88 2006 0 "Russia " 25 52 5633 8 6 8 142.5 0.6947 1 22 178 8
"846" 88 2010 0 "Russia " 25 52 5633 3 5 7 142.389 1.071 1 15 177 9
"847" 88 2014 1 "Russia " 25 52 5633 13 11 9 143.533 0.6947 1 33 226 10
"848" 89 1980 0 "San Marino " 45.5 59 755 0 0 0 0.021397 NA 0 0 0 1
"849" 89 1984 0 "San Marino " 45.5 59 755 0 0 0 0.022514 NA 1 0 3 2
"850" 89 1988 0 "San Marino " 45.5 59 755 0 0 0 0.023571 NA 1 0 5 3
"851" 89 1992 0 "San Marino " 45.5 59 755 0 0 0 0.024766 NA 1 0 3 4
"852" 89 1994 0 "San Marino " 45.5 59 755 0 0 0 0.025402 NA 1 0 3 5
"853" 89 1998 0 "San Marino " 45.5 59 755 0 0 0 0.026321 NA 0 0 0 6
"854" 89 2002 0 "San Marino " 45.5 59 755 0 0 0 0.028064 3.1355 1 0 1 7
"855" 89 2006 0 "San Marino " 45.5 59 755 0 0 0 0.03013 4.8758 1 0 1 8
"856" 89 2010 0 "San Marino " 45.5 59 755 0 0 0 0.030861 NA 1 0 1 9
"857" 89 2014 0 "San Marino " 45.5 59 755 0 0 0 0.031247 4.8758 1 0 2 10
"858" 90 1980 0 "Senegal " 77 2.1 581 0 0 0 5.568908 0.0629 0 0 0 1
"859" 90 1984 0 "Senegal " 77 2.1 581 0 0 0 6.246065 0.0433 1 0 1 2
"860" 90 1988 0 "Senegal " 77 2.1 581 0 0 0 7.062329 0.0706 0 0 0 3
"861" 90 1992 0 "Senegal " 77 2.1 581 0 0 0 7.990968 0.0751 1 0 2 4
"862" 90 1994 0 "Senegal " 77 2.1 581 0 0 0 8.475766 0.0457 1 0 1 5
"863" 90 1998 0 "Senegal " 77 2.1 581 0 0 0 9.387783 0.0536 0 0 0 6
"864" 90 2002 0 "Senegal " 77 2.1 581 0 0 0 10.39005 0.0513 0 0 0 7
"865" 90 2006 0 "Senegal " 77 2.1 581 0 0 0 11.582925 0.0808 1 0 1 8
"866" 90 2010 0 "Senegal " 77 2.1 581 0 0 0 12.950564 0.0999 1 0 1 9
"867" 90 2014 0 "Senegal " 77 2.1 581 0 0 0 13.726021 0.0808 0 0 0 10
"868" 91 1980 0 "Serbia " 40.3 46.9 2169 0 0 0 0 NA 0 0 0 1
"869" 91 1984 0 "Serbia " 40.3 46.9 2169 0 0 0 0 NA 0 0 0 2
"870" 91 1988 0 "Serbia " 40.3 46.9 2169 0 0 0 0 NA 0 0 0 3
"871" 91 1992 0 "Serbia " 40.3 46.9 2169 0 0 0 7.646424 NA 0 0 0 4
"872" 91 1994 0 "Serbia " 40.3 46.9 2169 0 0 0 7.734639 NA 0 0 0 5
"873" 91 1998 0 "Serbia " 40.3 46.9 2169 0 0 0 7.567745 0.2141 0 0 0 6
"874" 91 2002 0 "Serbia " 40.3 46.9 2169 0 0 0 7.500031 0.2014 0 0 0 7
"875" 91 2006 0 "Serbia " 40.3 46.9 2169 0 0 0 7.411569 0.3943 0 0 0 8
"876" 91 2010 0 "Serbia " 40.3 46.9 2169 0 0 0 7.291436 0.5073 1 0 10 9
"877" 91 2014 0 "Serbia " 40.3 46.9 2169 0 0 0 7.223887 0.3943 1 0 8 10
"878" 92 1980 0 "Serbia and Montenegro" NA NA NA 0 0 0 0 NA 0 0 0 1
"879" 92 1984 0 "Serbia and Montenegro" NA NA NA 0 0 0 0 NA 0 0 0 2
"880" 92 1988 0 "Serbia and Montenegro" NA NA NA 0 0 0 0 NA 0 0 0 3
"881" 92 1992 0 "Serbia and Montenegro" NA NA NA 0 0 0 7.646424 NA 0 0 0 4
"882" 92 1994 0 "Serbia and Montenegro" NA NA NA 0 0 0 7.734639 NA 0 0 0 5
"883" 92 1998 0 "Serbia and Montenegro" NA NA NA 0 0 0 7.567745 0.2141 0 0 0 6
"884" 92 2002 0 "Serbia and Montenegro" NA NA NA 0 0 0 7.500031 0.2014 0 0 0 7
"885" 92 2006 NA "Serbia and Montenegro" NA NA NA 0 0 0 7.411569 0.3943 1 0 6 8
"886" 93 1980 0 "Slovakia " 36.9 39 2655 0 0 0 4.979815 NA 0 0 0 1
"887" 93 1984 0 "Slovakia " 36.9 39 2655 0 0 0 5.127097 0.1122 0 0 0 2
"888" 93 1988 0 "Slovakia " 36.9 39 2655 0 0 0 5.250596 0.1919 0 0 0 3
"889" 93 1992 0 "Slovakia " 36.9 39 2655 0 0 0 5.305016 0.269 0 0 0 4
"890" 93 1994 0 "Slovakia " 36.9 39 2655 0 0 0 5.346331 0.3686 1 0 42 5
"891" 93 1998 0 "Slovakia " 36.9 39 2655 0 0 0 5.390516 0.5431 1 0 37 6
"892" 93 2002 0 "Slovakia " 36.9 39 2655 0 0 0 5.376912 0.6442 1 0 49 7
"893" 93 2006 0 "Slovakia " 36.9 39 2655 0 1 0 5.373054 1.2842 1 1 62 8
"894" 93 2010 0 "Slovakia " 36.9 39 2655 1 1 1 5.391428 1.6151 1 3 73 9
"895" 93 2014 0 "Slovakia " 36.9 39 2655 1 0 0 5.407579 1.2842 1 1 62 10
"896" 94 1980 0 "Slovenia " 37.4 71 2864 0 0 0 1.901315 NA 0 0 0 1
"897" 94 1984 0 "Slovenia " 37.4 71 2864 0 0 0 1.932154 NA 0 0 0 2
"898" 94 1988 0 "Slovenia " 37.4 71 2864 0 0 0 1.995196 NA 0 0 0 3
"899" 94 1992 0 "Slovenia " 37.4 71 2864 0 0 0 1.996498 0.6272 1 0 27 4
"900" 94 1994 0 "Slovenia " 37.4 71 2864 0 0 3 1.989443 0.7231 1 3 22 5
"901" 94 1998 0 "Slovenia " 37.4 71 2864 0 0 0 1.981629 1.0974 1 0 34 6
"902" 94 2002 0 "Slovenia " 37.4 71 2864 0 0 1 1.99453 1.16 1 1 40 7
"903" 94 2006 0 "Slovenia " 37.4 71 2864 0 0 0 2.006868 1.9406 1 0 42 8
"904" 94 2010 0 "Slovenia " 37.4 71 2864 0 2 1 2.048583 2.2898 1 3 50 9
"905" 94 2014 0 "Slovenia " 37.4 71 2864 2 2 4 2.057159 1.9406 1 8 66 10
"906" 95 1980 0 "South Africa " 62.1 4 3408 0 0 0 27.576 0.2921 0 0 0 1
"907" 95 1984 0 "South Africa " 62.1 4 3408 0 0 0 30.505361 0.2792 0 0 0 2
"908" 95 1988 0 "South Africa " 62.1 4 3408 0 0 0 33.728498 0.3399 0 0 0 3
"909" 95 1992 0 "South Africa " 62.1 4 3408 0 0 0 36.690739 0.3557 0 0 0 4
"910" 95 1994 0 "South Africa " 62.1 4 3408 0 0 0 38.283223 0.3547 1 0 2 5
"911" 95 1998 0 "South Africa " 62.1 4 3408 0 0 0 41.899683 0.3205 1 0 2 6
"912" 95 2002 0 "South Africa " 62.1 4 3408 0 0 0 45.808736 0.2425 1 0 1 7
"913" 95 2006 0 "South Africa " 62.1 4 3408 0 0 0 48.269753 0.5407 1 0 3 8
"914" 95 2010 0 "South Africa " 62.1 4 3408 0 0 0 50.895698 0.7137 1 0 2 9
"915" 95 2014 0 "South Africa " 62.1 4 3408 0 0 0 52.274945 0.5407 0 0 0 10
"916" 96 1980 0 "South Korea " 34.7 20.8 1950 0 0 0 38.123775 0.1674 1 0 10 1
"917" 96 1984 0 "South Korea " 34.7 20.8 1950 0 0 0 40.405956 0.2307 1 0 15 2
"918" 96 1988 0 "South Korea " 34.7 20.8 1950 0 0 0 42.031247 0.446 1 0 33 3
"919" 96 1992 0 "South Korea " 34.7 20.8 1950 2 1 1 43.747962 0.7541 1 4 23 4
"920" 96 1994 0 "South Korea " 34.7 20.8 1950 4 1 1 44.64154 0.9485 1 6 21 5
"921" 96 1998 0 "South Korea " 34.7 20.8 1950 3 1 2 46.286503 0.7463 1 6 37 6
"922" 96 2002 0 "South Korea " 34.7 20.8 1950 2 2 0 47.622179 1.2094 1 4 48 7
"923" 96 2006 0 "South Korea " 34.7 20.8 1950 6 3 2 48.371946 1.9676 1 11 40 8
"924" 96 2010 0 "South Korea " 34.7 20.8 1950 6 6 2 49.410366 2.054 1 14 46 9
"925" 96 2014 0 "South Korea " 34.7 20.8 1950 3 3 2 50.004441 1.9676 1 8 71 10
"926" 97 1980 0 "Soviet Union" NA NA NA 10 6 6 4.701961 NA 1 22 86 1
"927" 97 1984 0 "Soviet Union" NA NA NA 6 10 9 5.315479 NA 1 25 99 2
"928" 97 1988 0 "Soviet Union" NA NA NA 11 9 9 5.738763 NA 1 29 119 3
"929" 98 1980 0 "Spain " 49.5 37 3718 0 0 0 37.439035 0.6031 1 0 8 1
"930" 98 1984 0 "Spain " 49.5 37 3718 0 0 0 38.278575 0.4361 1 0 13 2
"931" 98 1988 0 "Spain " 49.5 37 3718 0 0 0 38.715849 0.9425 1 0 13 3
"932" 98 1992 0 "Spain " 49.5 37 3718 0 0 1 39.067745 1.5666 1 1 17 4
"933" 98 1994 0 "Spain " 49.5 37 3718 0 0 0 39.294967 1.3098 1 0 13 5
"934" 98 1998 0 "Spain " 49.5 37 3718 0 0 0 39.721108 1.5122 1 0 12 6
"935" 98 2002 0 "Spain " 49.5 37 3718 0 0 0 41.431558 1.6565 1 0 7 7
"936" 98 2006 0 "Spain " 49.5 37 3718 0 0 0 44.397319 2.7847 1 0 16 8
"937" 98 2010 0 "Spain " 49.5 37 3718 0 0 0 46.576897 2.9732 1 0 18 9
"938" 98 2014 0 "Spain " 49.5 37 3718 0 0 0 46.761264 2.7847 1 0 20 10
"939" 99 1980 0 "Swaziland" 61.9 15.9 1862 0 0 0 0.603373 0.0898 0 0 0 1
"940" 99 1984 0 "Swaziland" 61.9 15.9 1862 0 0 0 0.680253 0.0727 0 0 0 2
"941" 99 1988 0 "Swaziland" 61.9 15.9 1862 0 0 0 0.80135 0.0864 0 0 0 3
"942" 99 1992 0 "Swaziland" 61.9 15.9 1862 0 0 0 0.907947 0.1415 1 0 1 4
"943" 99 1994 0 "Swaziland" 61.9 15.9 1862 0 0 0 0.944223 0.1503 0 0 0 5
"944" 99 1998 0 "Swaziland" 61.9 15.9 1862 0 0 0 1.028694 0.1533 0 0 0 6
"945" 99 2002 0 "Swaziland" 61.9 15.9 1862 0 0 0 1.082183 0.1131 0 0 0 7
"946" 99 2006 0 "Swaziland" 61.9 15.9 1862 0 0 0 1.118253 0.2636 0 0 0 8
"947" 99 2010 0 "Swaziland" 61.9 15.9 1862 0 0 0 1.193148 0.3094 0 0 0 9
"948" 99 2014 0 "Swaziland" 61.9 15.9 1862 0 0 0 1.230985 0.2636 0 0 0 10
"949" 100 1980 0 "Sweden " 30.7 39 2111 3 0 1 8.310531 1.6221 1 4 61 1
"950" 100 1984 0 "Sweden " 30.7 39 2111 4 2 2 8.336605 1.2428 1 8 60 2
"951" 100 1988 0 "Sweden " 30.7 39 2111 4 0 2 8.436489 2.3277 1 6 91 3
"952" 100 1992 0 "Sweden " 30.7 39 2111 1 0 3 8.668067 3.112 1 4 73 4
"953" 100 1994 0 "Sweden " 30.7 39 2111 2 1 0 8.780745 2.4775 1 3 84 5
"954" 100 1998 0 "Sweden " 30.7 39 2111 0 2 1 8.850974 2.8779 1 3 99 6
"955" 100 2002 0 "Sweden " 30.7 39 2111 0 2 5 8.924958 2.8119 1 7 102 7
"956" 100 2006 0 "Sweden " 30.7 39 2111 7 2 5 9.080505 4.3949 1 14 112 8
"957" 100 2010 0 "Sweden " 30.7 39 2111 5 2 4 9.378126 4.936 1 11 106 9
"958" 100 2014 0 "Sweden " 30.7 39 2111 2 7 6 9.519374 4.3949 1 15 106 10
"959" 101 1980 0 "Switzerland " 37.8 65 4634 1 1 3 6.319408 1.7807 1 5 44 1
"960" 101 1984 0 "Switzerland " 37.8 65 4634 2 2 1 6.441865 1.5601 1 5 42 2
"961" 101 1988 0 "Switzerland " 37.8 65 4634 5 5 5 6.593386 3.0016 1 15 94 3
"962" 101 1992 0 "Switzerland " 37.8 65 4634 1 0 2 6.875364 3.7383 1 3 74 4
"963" 101 1994 0 "Switzerland " 37.8 65 4634 3 4 2 6.993795 3.9567 1 9 59 5
"964" 101 1998 0 "Switzerland " 37.8 65 4634 2 2 3 7.110001 3.9227 1 7 69 6
"965" 101 2002 0 "Switzerland " 37.8 65 4634 3 2 6 7.284753 3.935 1 11 110 7
"966" 101 2006 0 "Switzerland " 37.8 65 4634 5 4 5 7.483934 5.414 1 14 143 8
"967" 101 2010 0 "Switzerland " 37.8 65 4634 6 0 3 7.824909 7.037 1 9 146 9
"968" 101 2014 0 "Switzerland " 37.8 65 4634 6 3 2 7.996861 5.414 1 11 168 10
"969" 102 1980 0 "Tajikistan " 48.9 66.3 7495 0 0 0 3.917642 NA 0 0 0 1
"970" 102 1984 0 "Tajikistan " 48.9 66.3 7495 0 0 0 4.400743 NA 0 0 0 2
"971" 102 1988 0 "Tajikistan " 48.9 66.3 7495 0 0 0 5.008827 NA 0 0 0 3
"972" 102 1992 0 "Tajikistan " 48.9 66.3 7495 0 0 0 5.523207 0.0346 0 0 0 4
"973" 102 1994 0 "Tajikistan " 48.9 66.3 7495 0 0 0 5.702611 0.0236 0 0 0 5
"974" 102 1998 0 "Tajikistan " 48.9 66.3 7495 0 0 0 6.012933 0.022 0 0 0 6
"975" 102 2002 0 "Tajikistan " 48.9 66.3 7495 0 0 0 6.404118 0.0191 1 0 1 7
"976" 102 2006 0 "Tajikistan " 48.9 66.3 7495 0 0 0 6.954522 0.0407 1 0 1 8
"977" 102 2010 0 "Tajikistan " 48.9 66.3 7495 0 0 0 7.627326 0.074 1 0 1 9
"978" 102 2014 0 "Tajikistan " 48.9 66.3 7495 0 0 0 8.00899 0.0407 1 0 1 10
"979" 103 1980 0 "Thailand" 90.5 13.3 2576 0 0 0 47.369137 0.0683 0 0 0 1
"980" 103 1984 0 "Thailand" 90.5 13.3 2576 0 0 0 51.09039 0.0818 0 0 0 2
"981" 103 1988 0 "Thailand" 90.5 13.3 2576 0 0 0 54.956736 0.1122 0 0 0 3
"982" 103 1992 0 "Thailand" 90.5 13.3 2576 0 0 0 57.661001 0.1933 0 0 0 4
"983" 103 1994 0 "Thailand" 90.5 13.3 2576 0 0 0 58.491145 0.2467 0 0 0 5
"984" 103 1998 0 "Thailand" 90.5 13.3 2576 0 0 0 60.903042 0.1837 0 0 0 6
"985" 103 2002 0 "Thailand" 90.5 13.3 2576 0 0 0 63.797841 0.1989 1 0 1 7
"986" 103 2006 0 "Thailand" 90.5 13.3 2576 0 0 0 65.883961 0.3143 1 0 1 8
"987" 103 2010 0 "Thailand" 90.5 13.3 2576 0 0 0 66.402316 0.4803 0 0 0 9
"988" 103 2014 0 "Thailand" 90.5 13.3 2576 0 0 0 66.785001 0.3143 1 0 1 10
"989" 104 1980 0 "Timor-Leste" 75.9 44.9 2963 0 0 0 0.58073 NA 0 0 0 1
"990" 104 1984 0 "Timor-Leste" 75.9 44.9 2963 0 0 0 0.638938 NA 0 0 0 2
"991" 104 1988 0 "Timor-Leste" 75.9 44.9 2963 0 0 0 0.711794 NA 0 0 0 3
"992" 104 1992 0 "Timor-Leste" 75.9 44.9 2963 0 0 0 0.804803 NA 0 0 0 4
"993" 104 1994 0 "Timor-Leste" 75.9 44.9 2963 0 0 0 0.853716 NA 0 0 0 5
"994" 104 1998 0 "Timor-Leste" 75.9 44.9 2963 0 0 0 0.853069 NA 0 0 0 6
"995" 104 2002 0 "Timor-Leste" 75.9 44.9 2963 0 0 0 0.899367 0.0474 0 0 0 7
"996" 104 2006 0 "Timor-Leste" 75.9 44.9 2963 0 0 0 1.014439 0.0456 0 0 0 8
"997" 104 2010 0 "Timor-Leste" 75.9 44.9 2963 0 0 0 1.142502 0.0818 0 0 0 9
"998" 104 2014 0 "Timor-Leste" 75.9 44.9 2963 0 0 0 1.210233 0.0456 1 0 1 10
"999" 105 1980 0 "Togo" 82.8 81 986 0 0 0 2.720838 0.0418 0 0 0 1
"1000" 105 1984 0 "Togo" 82.8 81 986 0 0 0 3.140297 0.0229 0 0 0 2
"1001" 105 1988 0 "Togo" 82.8 81 986 0 0 0 3.579803 0.0385 0 0 0 3
"1002" 105 1992 0 "Togo" 82.8 81 986 0 0 0 3.985364 0.0425 0 0 0 4
"1003" 105 1994 0 "Togo" 82.8 81 986 0 0 0 4.181481 0.0235 0 0 0 5
"1004" 105 1998 0 "Togo" 82.8 81 986 0 0 0 4.62071 0.0344 0 0 0 6
"1005" 105 2002 0 "Togo" 82.8 81 986 0 0 0 5.123674 0.0288 0 0 0 7
"1006" 105 2006 0 "Togo" 82.8 81 986 0 0 0 5.685845 0.0387 0 0 0 8
"1007" 105 2010 0 "Togo" 82.8 81 986 0 0 0 6.306014 0.0503 0 0 0 9
"1008" 105 2014 0 "Togo" 82.8 81 986 0 0 0 6.642928 0.0387 1 0 2 10
"1009" 106 1980 0 "Tonga" 77 100 1033 0 0 0 0.093007 0.0573 0 0 0 1
"1010" 106 1984 0 "Tonga" 77 100 1033 0 0 0 0.093838 0.0685 0 0 0 2
"1011" 106 1988 0 "Tonga" 77 100 1033 0 0 0 0.094687 0.1126 0 0 0 3
"1012" 106 1992 0 "Tonga" 77 100 1033 0 0 0 0.095443 0.1436 0 0 0 4
"1013" 106 1994 0 "Tonga" 77 100 1033 0 0 0 0.095712 0.2025 0 0 0 5
"1014" 106 1998 0 "Tonga" 77 100 1033 0 0 0 0.096991 0.1945 0 0 0 6
"1015" 106 2002 0 "Tonga" 77 100 1033 0 0 0 0.099083 0.1835 0 0 0 7
"1016" 106 2006 0 "Tonga" 77 100 1033 0 0 0 0.101617 0.2913 0 0 0 8
"1017" 106 2010 0 "Tonga" 77 100 1033 0 0 0 0.104098 0.3547 0 0 0 9
"1018" 106 2014 0 "Tonga" 77 100 1033 0 0 0 0.104941 0.2913 1 0 1 10
"1019" 107 1980 0 "Trinidad and Tobago" 87.8 42.9 940 0 0 0 1.085308 0.5746 0 0 0 1
"1020" 107 1984 0 "Trinidad and Tobago" 87.8 42.9 940 0 0 0 1.155701 0.6711 0 0 0 2
"1021" 107 1988 0 "Trinidad and Tobago" 87.8 42.9 940 0 0 0 1.20489 0.3732 0 0 0 3
"1022" 107 1992 0 "Trinidad and Tobago" 87.8 42.9 940 0 0 0 1.237486 0.447 0 0 0 4
"1023" 107 1994 0 "Trinidad and Tobago" 87.8 42.9 940 0 0 0 1.250316 0.3957 1 0 2 5
"1024" 107 1998 0 "Trinidad and Tobago" 87.8 42.9 940 0 0 0 1.262544 0.4787 1 0 2 6
"1025" 107 2002 0 "Trinidad and Tobago" 87.8 42.9 940 0 0 0 1.277723 0.705 1 0 2 7
"1026" 107 2006 0 "Trinidad and Tobago" 87.8 42.9 940 0 0 0 1.303478 1.4163 0 0 0 8
"1027" 107 2010 0 "Trinidad and Tobago" 87.8 42.9 940 0 0 0 1.328095 1.5562 0 0 0 9
"1028" 107 2014 0 "Trinidad and Tobago" 87.8 42.9 940 0 0 0 1.337439 1.4163 0 0 0 10
"1029" 108 1980 0 "Turkey " 48.6 83.4 5166 0 0 0 43.90579 0.1567 0 0 0 1
"1030" 108 1984 0 "Turkey " 48.6 83.4 5166 0 0 0 48.138191 0.1246 1 0 7 2
"1031" 108 1988 0 "Turkey " 48.6 83.4 5166 0 0 0 52.125597 0.1743 1 0 8 3
"1032" 108 1992 0 "Turkey " 48.6 83.4 5166 0 0 0 55.815175 0.285 1 0 8 4
"1033" 108 1994 0 "Turkey " 48.6 83.4 5166 0 0 0 57.613441 0.2268 1 0 1 5
"1034" 108 1998 0 "Turkey " 48.6 83.4 5166 0 0 0 61.308204 0.4392 1 0 1 6
"1035" 108 2002 0 "Turkey " 48.6 83.4 5166 0 0 0 65.0223 0.3576 1 0 3 7
"1036" 108 2006 0 "Turkey " 48.6 83.4 5166 0 0 0 68.626337 0.7736 1 0 6 8
"1037" 108 2010 0 "Turkey " 48.6 83.4 5166 0 0 0 72.137546 1.0135 1 0 5 9
"1038" 108 2014 0 "Turkey " 48.6 83.4 5166 0 0 0 73.997128 0.7736 1 0 6 10
"1039" 109 1980 0 "US Virgin Islands" 86 48 474 0 0 0 0.097 0.7503 0 0 0 1
"1040" 109 1984 0 "US Virgin Islands" 86 48 474 0 0 0 0.108 0.9124 0 0 0 2
"1041" 109 1988 0 "US Virgin Islands" 86 48 474 0 0 0 0.1045 1.1527 1 0 8 3
"1042" 109 1992 0 "US Virgin Islands" 86 48 474 0 0 0 0.105711 1.6752 1 0 12 4
"1043" 109 1994 0 "US Virgin Islands" 86 48 474 0 0 0 0.107317 NA 1 0 8 5
"1044" 109 1998 0 "US Virgin Islands" 86 48 474 0 0 0 0.108535 NA 1 0 7 6
"1045" 109 2002 0 "US Virgin Islands" 86 48 474 0 0 0 0.108208 NA 1 0 8 7
"1046" 109 2006 0 "US Virgin Islands" 86 48 474 0 0 0 0.1077 NA 1 0 1 8
"1047" 109 2010 0 "US Virgin Islands" 86 48 474 0 0 0 0.106267 NA 0 0 0 9
"1048" 109 2014 0 "US Virgin Islands" 86 48 474 0 0 0 0.105275 NA 1 0 1 10
"1049" 110 1980 0 "Ukraine " 30.4 36 2061 0 0 0 49.973757 NA 0 0 0 1
"1050" 110 1984 0 "Ukraine " 30.4 36 2061 0 0 0 50.754 NA 0 0 0 2
"1051" 110 1988 0 "Ukraine " 30.4 36 2061 0 0 0 51.521 0.145 0 0 0 3
"1052" 110 1992 0 "Ukraine " 30.4 36 2061 0 0 0 52.150266 0.1418 0 0 0 4
"1053" 110 1994 0 "Ukraine " 30.4 36 2061 1 0 1 51.921041 0.1012 1 2 37 5
"1054" 110 1998 0 "Ukraine " 30.4 36 2061 0 1 0 50.143939 0.0835 1 1 56 6
"1055" 110 2002 0 "Ukraine " 30.4 36 2061 0 0 0 48.2025 0.0879 1 0 68 7
"1056" 110 2006 0 "Ukraine " 30.4 36 2061 0 0 2 46.78775 0.2303 1 2 53 8
"1057" 110 2010 0 "Ukraine " 30.4 36 2061 0 0 0 45.8707 0.2974 1 0 47 9
"1058" 110 2014 0 "Ukraine " 30.4 36 2061 1 0 1 45.5933 0.2303 1 2 43 10
"1059" 111 1992 0 "Unified Team (Former Soviet)" NA NA NA 9 6 8 NA NA 1 23 129 4
"1060" 112 1980 1 "United States " 38.3 92.7 6194 6 4 2 227.225 1.2598 1 12 101 1
"1061" 112 1984 0 "United States " 38.3 92.7 6194 4 4 0 235.825 1.7134 1 8 107 2
"1062" 112 1988 0 "United States " 38.3 92.7 6194 2 1 3 244.499 2.1483 1 6 167 3
"1063" 112 1992 0 "United States " 38.3 92.7 6194 5 4 2 256.514 2.5493 1 11 147 4
"1064" 112 1994 0 "United States " 38.3 92.7 6194 6 5 2 263.126 2.7776 1 13 147 5
"1065" 112 1998 0 "United States " 38.3 92.7 6194 6 3 4 275.854 3.2949 1 13 186 6
"1066" 112 2002 1 "United States " 38.3 92.7 6194 10 13 11 287.625193 3.8175 1 34 202 7
"1067" 112 2006 0 "United States " 38.3 92.7 6194 9 9 7 298.379912 4.6444 1 25 211 8
"1068" 112 2010 0 "United States " 38.3 92.7 6194 9 15 13 309.326225 4.8358 1 37 215 9
"1069" 112 2014 0 "United States " 38.3 92.7 6194 9 7 12 313.91404 4.6444 1 28 230 10
"1070" 113 1980 0 "Uruguay" 59 86.4 514 0 0 0 2.915735 0.3486 0 0 0 1
"1071" 113 1984 0 "Uruguay" 59 86.4 514 0 0 0 2.992644 0.1621 0 0 0 2
"1072" 113 1988 0 "Uruguay" 59 86.4 514 0 0 0 3.069112 0.2676 0 0 0 3
"1073" 113 1992 0 "Uruguay" 59 86.4 514 0 0 0 3.154657 0.4082 0 0 0 4
"1074" 113 1994 0 "Uruguay" 59 86.4 514 0 0 0 3.201235 0.5459 0 0 0 5
"1075" 113 1998 0 "Uruguay" 59 86.4 514 0 0 0 3.291677 0.7712 1 0 1 6
"1076" 113 2002 0 "Uruguay" 59 86.4 514 0 0 0 3.3275 0.4089 0 0 0 7
"1077" 113 2006 0 "Uruguay" 59 86.4 514 0 0 0 3.330217 0.5879 0 0 0 8
"1078" 113 2010 0 "Uruguay" 59 86.4 514 0 0 0 3.371982 1.152 0 0 0 9
"1079" 113 2014 0 "Uruguay" 59 86.4 514 0 0 0 3.395253 0.5879 0 0 0 10
"1080" 114 1980 0 "Uzbekistan" 43.2 57.8 4301 0 0 0 16.026812 NA 0 0 0 1
"1081" 114 1984 0 "Uzbekistan" 43.2 57.8 4301 0 0 0 17.778956 NA 0 0 0 2
"1082" 114 1988 0 "Uzbekistan" 43.2 57.8 4301 0 0 0 19.606739 NA 0 0 0 3
"1083" 114 1992 0 "Uzbekistan" 43.2 57.8 4301 0 0 0 21.449 0.0604 0 0 0 4
"1084" 114 1994 0 "Uzbekistan" 43.2 57.8 4301 1 0 0 22.377 0.0576 1 1 7 5
"1085" 114 1998 0 "Uzbekistan" 43.2 57.8 4301 0 0 0 24.051 0.0623 1 0 4 6
"1086" 114 2002 0 "Uzbekistan" 43.2 57.8 4301 0 0 0 25.27185 0.0383 1 0 6 7
"1087" 114 2006 0 "Uzbekistan" 43.2 57.8 4301 0 0 0 26.48825 0.0643 1 0 4 8
"1088" 114 2010 0 "Uzbekistan" 43.2 57.8 4301 0 0 0 28.5624 0.1377 1 0 3 9
"1089" 114 2014 0 "Uzbekistan" 43.2 57.8 4301 0 0 0 29.7745 0.0643 1 0 3 10
"1090" 115 1980 0 "Venezuela" 73.9 15.3 5007 0 0 0 15.096432 0.4447 0 0 0 1
"1091" 115 1984 0 "Venezuela" 73.9 15.3 5007 0 0 0 16.867806 0.3317 0 0 0 2
"1092" 115 1988 0 "Venezuela" 73.9 15.3 5007 0 0 0 18.766017 0.3114 0 0 0 3
"1093" 115 1992 0 "Venezuela" 73.9 15.3 5007 0 0 0 20.691641 0.2826 0 0 0 4
"1094" 115 1994 0 "Venezuela" 73.9 15.3 5007 0 0 0 21.626607 0.2614 0 0 0 5
"1095" 115 1998 0 "Venezuela" 73.9 15.3 5007 0 0 0 23.4827 0.389 1 0 1 6
"1096" 115 2002 0 "Venezuela" 73.9 15.3 5007 0 0 0 25.333622 0.3667 1 0 4 7
"1097" 115 2006 0 "Venezuela" 73.9 15.3 5007 0 0 0 27.190882 0.6748 1 0 1 8
"1098" 115 2010 0 "Venezuela" 73.9 15.3 5007 0 0 0 29.043283 1.3559 0 0 0 9
"1099" 115 2014 0 "Venezuela" 73.9 15.3 5007 0 0 0 29.954782 0.6748 1 0 1 10
"1100" 116 1980 0 "West Germany" NA NA NA 0 2 3 0 NA 1 5 80 1
"1101" 116 1984 0 "West Germany" NA NA NA 2 1 1 0 NA 1 4 84 2
"1102" 116 1988 0 "West Germany" NA NA NA 2 4 2 0 NA 1 8 116 3
"1103" 117 1980 0 "Yugoslavia" 38.7 68 2386 0 0 0 7.906977 NA 1 0 15 1
"1104" 117 1984 1 "Yugoslavia" 38.7 68 2386 0 1 0 9.276622 NA 1 1 71 2
"1105" 117 1988 0 "Yugoslavia" 38.7 68 2386 0 2 1 10.815614 NA 1 3 23 3
"1106" 117 1992 0 "Yugoslavia" 38.7 68 2386 0 0 0 13.040955 0.0496 1 0 25 4
"1107" 117 1994 0 "Yugoslavia" 38.7 68 2386 0 0 0 14.39672 0.0289 0 0 0 5
"1108" 117 1998 0 "Yugoslavia" 38.7 68 2386 0 0 0 16.564235 0.0382 1 0 2 6
"1109" 117 2002 0 "Yugoslavia" 38.7 68 2386 0 0 0 NA 0.0576 1 0 6 7
"1110" 117 2006 0 "Yugoslavia" 38.7 68 2386 0 0 0 NA NA 0 0 0 8
"1111" 117 2010 0 "Yugoslavia" 38.7 68 2386 0 0 0 22.763008 NA 0 0 0 9
"1112" 117 2014 0 "Yugoslavia" 38.7 68 2386 0 0 0 NA NA 0 0 0 10
"1113" 118 1980 0 "Zimbabwe" 70.9 2.3 2592 0 0 0 7.289069 0.0916 0 0 0 1
"1114" 118 1984 0 "Zimbabwe" 70.9 2.3 2592 0 0 0 8.527836 0.0745 0 0 0 2
"1115" 118 1988 0 "Zimbabwe" 70.9 2.3 2592 0 0 0 9.854098 0.0793 0 0 0 3
"1116" 118 1992 0 "Zimbabwe" 70.9 2.3 2592 0 0 0 10.981267 0.0615 0 0 0 4
"1117" 118 1994 0 "Zimbabwe" 70.9 2.3 2592 0 0 0 11.428655 0.0603 0 0 0 5
"1118" 118 1998 0 "Zimbabwe" 70.9 2.3 2592 0 0 0 12.2295 0.0523 0 0 0 6
"1119" 118 2002 0 "Zimbabwe" 70.9 2.3 2592 0 0 0 12.640922 0.0502 0 0 0 7
"1120" 118 2006 0 "Zimbabwe" 70.9 2.3 2592 0 0 0 12.724308 0.0428 0 0 0 8
"1121" 118 2010 0 "Zimbabwe" 70.9 2.3 2592 0 0 0 13.076978 0.0568 0 0 0 9
"1122" 118 2014 0 "Zimbabwe" 70.9 2.3 2592 0 0 0 13.724317 0.0428 1 0 1 10
